day,open,high,low,close,volume
2024-05-21 13:53:00,9.81,9.83,9.8,9.83,105300
2024-05-21 13:54:00,9.82,9.83,9.82,9.82,168500
2024-05-21 13:55:00,9.82,9.83,9.81,9.81,209000
2024-05-21 13:56:00,9.82,9.86,9.81,9.86,304000
2024-05-21 13:57:00,9.86,9.86,9.81,9.83,270400
2024-05-21 13:58:00,9.83,9.83,9.8,9.81,218600
2024-05-21 13:59:00,9.81,9.82,9.8,9.81,166100
2024-05-21 14:00:00,9.82,9.83,9.79,9.79,278900
2024-05-21 14:01:00,9.79,9.8,9.77,9.78,276900
2024-05-21 14:02:00,9.78,9.79,9.77,9.78,162300
2024-05-21 14:03:00,9.77,9.78,9.76,9.76,222600
2024-05-21 14:04:00,9.76,9.76,9.72,9.74,607700
2024-05-21 14:05:00,9.73,9.76,9.73,9.76,185600
2024-05-21 14:06:00,9.76,9.8,9.75,9.8,524450
2024-05-21 14:07:00,9.78,9.79,9.74,9.74,251600
2024-05-21 14:08:00,9.74,9.76,9.74,9.75,109300
2024-05-21 14:09:00,9.75,9.76,9.74,9.74,160300
2024-05-21 14:10:00,9.75,9.76,9.73,9.74,235400
2024-05-21 14:11:00,9.73,9.75,9.73,9.74,231300
2024-05-21 14:12:00,9.75,9.79,9.74,9.78,132200
2024-05-21 14:13:00,9.78,9.78,9.74,9.74,269100
2024-05-21 14:14:00,9.74,9.75,9.72,9.74,278300
2024-05-21 14:15:00,9.74,9.77,9.73,9.75,113000
2024-05-21 14:16:00,9.75,9.79,9.74,9.77,166600
2024-05-21 14:17:00,9.77,9.77,9.75,9.77,104500
2024-05-21 14:18:00,9.76,9.77,9.74,9.75,141500
2024-05-21 14:19:00,9.76,9.76,9.74,9.74,285800
2024-05-21 14:20:00,9.74,9.75,9.73,9.74,225100
2024-05-21 14:21:00,9.73,9.74,9.73,9.74,285300
2024-05-21 14:22:00,9.73,9.75,9.73,9.75,163100
2024-05-21 14:23:00,9.74,9.75,9.73,9.73,341900
2024-05-21 14:24:00,9.74,9.74,9.72,9.72,502000
2024-05-21 14:25:00,9.72,9.73,9.71,9.72,324200
2024-05-21 14:26:00,9.72,9.74,9.71,9.72,485900
2024-05-21 14:27:00,9.73,9.74,9.72,9.74,232200
2024-05-21 14:28:00,9.74,9.77,9.73,9.76,309500
2024-05-21 14:29:00,9.77,9.77,9.75,9.76,259000
2024-05-21 14:30:00,9.76,9.77,9.75,9.77,187700
2024-05-21 14:31:00,9.76,9.78,9.75,9.77,271900
2024-05-21 14:32:00,9.78,9.8,9.77,9.79,259500
2024-05-21 14:33:00,9.79,9.79,9.77,9.78,221400
2024-05-21 14:34:00,9.78,9.79,9.77,9.77,169200
2024-05-21 14:35:00,9.77,9.78,9.75,9.76,258800
2024-05-21 14:36:00,9.76,9.79,9.76,9.79,239400
2024-05-21 14:37:00,9.79,9.79,9.77,9.77,235700
2024-05-21 14:38:00,9.77,9.78,9.76,9.77,280100
2024-05-21 14:39:00,9.76,9.77,9.76,9.76,302800
2024-05-21 14:40:00,9.76,9.77,9.74,9.74,345600
2024-05-21 14:41:00,9.74,9.75,9.73,9.73,515100
2024-05-21 14:42:00,9.73,9.74,9.71,9.72,500400
2024-05-21 14:43:00,9.72,9.74,9.71,9.73,352900
2024-05-21 14:44:00,9.73,9.74,9.72,9.72,234300
2024-05-21 14:45:00,9.72,9.73,9.72,9.73,421300
2024-05-21 14:46:00,9.72,9.74,9.72,9.74,602100
2024-05-21 14:47:00,9.74,9.79,9.74,9.78,610200
2024-05-21 14:48:00,9.77,9.78,9.74,9.75,451400
2024-05-21 14:49:00,9.74,9.77,9.74,9.76,578800
2024-05-21 14:50:00,9.77,9.8,9.76,9.79,776900
2024-05-21 14:51:00,9.79,9.85,9.79,9.84,816100
2024-05-21 14:52:00,9.84,9.84,9.78,9.79,951100
2024-05-21 14:53:00,9.79,9.81,9.78,9.8,813400
2024-05-21 14:54:00,9.8,9.82,9.78,9.79,806300
2024-05-21 14:55:00,9.79,9.82,9.78,9.82,1004700
2024-05-21 14:56:00,9.81,9.82,9.79,9.8,1091600
2024-05-21 14:57:00,9.8,9.82,9.79,9.81,1450900
2024-05-21 15:00:00,9.79,9.79,9.79,9.79,2287086
2024-05-22 09:31:00,9.79,9.89,9.66,9.7,6708300
2024-05-22 09:32:00,9.7,9.78,9.68,9.78,2695300
2024-05-22 09:33:00,9.77,9.86,9.7,9.85,2413800
2024-05-22 09:34:00,9.86,9.87,9.75,9.8,3506100
2024-05-22 09:35:00,9.8,9.94,9.8,9.9,4799600
2024-05-22 09:36:00,9.9,9.92,9.78,9.81,3265900
2024-05-22 09:37:00,9.79,9.82,9.72,9.77,2067800
2024-05-22 09:38:00,9.77,9.82,9.75,9.82,1534000
2024-05-22 09:39:00,9.82,9.84,9.69,9.71,2096800
2024-05-22 09:40:00,9.72,9.73,9.62,9.62,2483100
2024-05-22 09:41:00,9.62,9.69,9.58,9.58,2625100
2024-05-22 09:42:00,9.58,9.65,9.58,9.62,2503400
2024-05-22 09:43:00,9.61,9.68,9.58,9.65,2707300
2024-05-22 09:44:00,9.65,9.71,9.62,9.68,1549700
2024-05-22 09:45:00,9.67,9.74,9.65,9.74,1203700
2024-05-22 09:46:00,9.75,9.75,9.68,9.7,899500
2024-05-22 09:47:00,9.7,9.74,9.69,9.73,697300
2024-05-22 09:48:00,9.73,9.74,9.71,9.73,745800
2024-05-22 09:49:00,9.73,9.74,9.71,9.71,756100
2024-05-22 09:50:00,9.7,9.72,9.67,9.68,1103000
2024-05-22 09:51:00,9.68,9.69,9.63,9.67,711000
2024-05-22 09:52:00,9.66,9.74,9.66,9.71,1006300
2024-05-22 09:53:00,9.72,9.73,9.68,9.71,670900
2024-05-22 09:54:00,9.7,9.72,9.67,9.7,628200
2024-05-22 09:55:00,9.7,9.71,9.69,9.7,540300
2024-05-22 09:56:00,9.71,9.72,9.62,9.62,856900
2024-05-22 09:57:00,9.63,9.64,9.61,9.64,899300
2024-05-22 09:58:00,9.64,9.64,9.6,9.64,1233400
2024-05-22 09:59:00,9.63,9.65,9.6,9.6,1298700
2024-05-22 10:00:00,9.6,9.62,9.58,9.6,1837300
2024-05-22 10:01:00,9.61,9.61,9.54,9.55,2513000
2024-05-22 10:02:00,9.55,9.61,9.54,9.59,1234200
2024-05-22 10:03:00,9.58,9.59,9.51,9.52,2566200
2024-05-22 10:04:00,9.52,9.56,9.52,9.54,1054700
2024-05-22 10:05:00,9.54,9.6,9.54,9.59,680800
2024-05-22 10:06:00,9.6,9.6,9.55,9.57,711700
2024-05-22 10:07:00,9.56,9.6,9.54,9.6,888500
2024-05-22 10:08:00,9.6,9.61,9.58,9.61,615600
2024-05-22 10:09:00,9.6,9.61,9.55,9.58,869000
2024-05-22 10:10:00,9.61,9.68,9.58,9.66,1416600
2024-05-22 10:11:00,9.66,9.73,9.64,9.7,1730200
2024-05-22 10:12:00,9.7,9.71,9.65,9.68,1379200
2024-05-22 10:13:00,9.67,9.68,9.63,9.67,704000
2024-05-22 10:14:00,9.68,9.71,9.67,9.69,815300
2024-05-22 10:15:00,9.69,9.74,9.66,9.68,1386500
2024-05-22 10:16:00,9.69,9.79,9.68,9.79,1319900
2024-05-22 10:17:00,9.78,9.81,9.72,9.81,1648800
2024-05-22 10:18:00,9.81,9.82,9.75,9.76,1496700
2024-05-22 10:19:00,9.77,9.82,9.76,9.79,1963200
2024-05-22 10:20:00,9.78,9.8,9.75,9.76,978400
2024-05-22 10:21:00,9.75,9.79,9.74,9.76,892600
2024-05-22 10:22:00,9.77,9.8,9.73,9.79,978900
2024-05-22 10:23:00,9.79,9.84,9.78,9.84,1393200
2024-05-22 10:24:00,9.84,9.85,9.8,9.83,2117300
2024-05-22 10:25:00,9.83,9.84,9.78,9.79,1357600
2024-05-22 10:26:00,9.79,9.87,9.78,9.87,2207700
2024-05-22 10:27:00,9.86,9.87,9.82,9.83,2049900
2024-05-22 10:28:00,9.83,9.89,9.82,9.86,2041700
2024-05-22 10:29:00,9.84,9.86,9.83,9.83,1565700
2024-05-22 10:30:00,9.84,9.85,9.82,9.82,990000
2024-05-22 10:31:00,9.82,9.84,9.81,9.84,777700
2024-05-22 10:32:00,9.83,9.84,9.71,9.75,1198400
2024-05-22 10:33:00,9.75,9.76,9.71,9.76,692600
2024-05-22 10:34:00,9.76,9.83,9.75,9.83,529900
2024-05-22 10:35:00,9.82,9.87,9.81,9.86,1804460
2024-05-22 10:36:00,9.85,9.87,9.84,9.86,1982900
2024-05-22 10:37:00,9.87,9.87,9.81,9.83,1470000
2024-05-22 10:38:00,9.84,9.96,9.84,9.94,4102700
2024-05-22 10:39:00,9.95,9.96,9.89,9.95,3548900
2024-05-22 10:40:00,9.95,10.05,9.95,9.99,5982899
2024-05-22 10:41:00,9.99,10.05,9.96,9.97,3989400
2024-05-22 10:42:00,9.97,10.03,9.97,9.98,3343600
2024-05-22 10:43:00,9.98,9.99,9.92,9.95,1941900
2024-05-22 10:44:00,9.95,9.96,9.91,9.95,789500
2024-05-22 10:45:00,9.95,9.96,9.94,9.95,1100500
2024-05-22 10:46:00,9.95,9.96,9.87,9.9,1195500
2024-05-22 10:47:00,9.89,9.91,9.86,9.86,851600
2024-05-22 10:48:00,9.86,9.87,9.84,9.85,768300
2024-05-22 10:49:00,9.86,9.86,9.82,9.83,866700
2024-05-22 10:50:00,9.83,9.86,9.83,9.85,589800
2024-05-22 10:51:00,9.85,9.86,9.81,9.81,798700
2024-05-22 10:52:00,9.82,9.86,9.82,9.86,440300
2024-05-22 10:53:00,9.86,9.87,9.82,9.82,814500
2024-05-22 10:54:00,9.83,9.83,9.81,9.82,441100
2024-05-22 10:55:00,9.82,9.83,9.81,9.82,258700
2024-05-22 10:56:00,9.83,9.83,9.81,9.82,283400
2024-05-22 10:57:00,9.83,9.87,9.82,9.87,358400
2024-05-22 10:58:00,9.87,9.9,9.86,9.89,478700
2024-05-22 10:59:00,9.9,9.92,9.87,9.89,439200
2024-05-22 11:00:00,9.9,9.91,9.89,9.9,371700
2024-05-22 11:01:00,9.9,9.96,9.89,9.95,994300
2024-05-22 11:02:00,9.95,9.96,9.89,9.94,659100
2024-05-22 11:03:00,9.94,9.99,9.93,9.96,1007200
2024-05-22 11:04:00,9.96,9.97,9.92,9.92,753900
2024-05-22 11:05:00,9.92,9.99,9.91,9.99,964700
2024-05-22 11:06:00,9.99,10.0,9.97,9.99,1522300
2024-05-22 11:07:00,9.98,9.99,9.94,9.97,791700
2024-05-22 11:08:00,9.97,9.99,9.96,9.97,979600
2024-05-22 11:09:00,9.96,9.98,9.96,9.96,730400
2024-05-22 11:10:00,9.96,9.99,9.96,9.99,853700
2024-05-22 11:11:00,9.99,10.07,9.98,10.07,2621802
2024-05-22 11:12:00,10.07,10.17,10.06,10.15,3322800
2024-05-22 11:13:00,10.17,10.3,10.14,10.29,4459100
2024-05-22 11:14:00,10.29,10.31,10.14,10.23,3258100
2024-05-22 11:15:00,10.23,10.24,10.16,10.2,2611700
2024-05-22 11:16:00,10.19,10.24,10.18,10.19,1985600
2024-05-22 11:17:00,10.18,10.19,10.13,10.17,1400800
2024-05-22 11:18:00,10.17,10.18,10.06,10.08,1603300
2024-05-22 11:19:00,10.08,10.16,10.05,10.15,1291100
2024-05-22 11:20:00,10.14,10.15,10.09,10.11,1097100
2024-05-22 11:21:00,10.1,10.14,10.09,10.12,622200
2024-05-22 11:22:00,10.12,10.14,10.08,10.08,923200
2024-05-22 11:23:00,10.08,10.11,10.08,10.1,653800
2024-05-22 11:24:00,10.1,10.11,10.03,10.05,1273100
2024-05-22 11:25:00,10.05,10.09,10.04,10.05,733800
2024-05-22 11:26:00,10.05,10.06,10.03,10.03,556500
2024-05-22 11:27:00,10.03,10.06,10.03,10.06,700800
2024-05-22 11:28:00,10.06,10.1,10.05,10.09,850400
2024-05-22 11:29:00,10.09,10.11,10.06,10.1,834500
2024-05-22 11:30:00,10.1,10.11,10.06,10.08,543100
2024-05-22 13:01:00,10.07,10.14,10.07,10.11,1324400
2024-05-22 13:02:00,10.11,10.2,10.1,10.18,1271500
2024-05-22 13:03:00,10.19,10.2,10.11,10.11,844700
2024-05-22 13:04:00,10.1,10.14,10.1,10.12,378700
2024-05-22 13:05:00,10.11,10.14,10.1,10.13,506700
2024-05-22 13:06:00,10.13,10.13,10.11,10.13,229600
2024-05-22 13:07:00,10.13,10.13,10.06,10.07,1029900
2024-05-22 13:08:00,10.06,10.08,10.06,10.06,455700
2024-05-22 13:09:00,10.07,10.07,10.0,10.0,1375700
2024-05-22 13:10:00,10.0,10.01,9.95,9.98,716500
2024-05-22 13:11:00,9.98,10.0,9.97,9.97,695300
2024-05-22 13:12:00,9.98,9.98,9.87,9.88,1428900
2024-05-22 13:13:00,9.87,9.91,9.87,9.89,1122000
2024-05-22 13:14:00,9.89,9.9,9.82,9.83,1215800
2024-05-22 13:15:00,9.82,9.85,9.82,9.84,824786
2024-05-22 13:16:00,9.84,9.85,9.81,9.81,701500
2024-05-22 13:17:00,9.81,9.82,9.78,9.79,1256200
2024-05-22 13:18:00,9.8,9.88,9.8,9.88,473600
2024-05-22 13:19:00,9.87,9.91,9.84,9.88,663600
2024-05-22 13:20:00,9.87,9.87,9.82,9.84,327400
2024-05-22 13:21:00,9.83,9.86,9.82,9.83,368500
2024-05-22 13:22:00,9.83,9.85,9.82,9.83,362000
2024-05-22 13:23:00,9.84,9.85,9.8,9.81,496800
2024-05-22 13:24:00,9.81,9.83,9.8,9.83,284700
2024-05-22 13:25:00,9.82,9.85,9.82,9.83,237100
2024-05-22 13:26:00,9.85,9.87,9.85,9.85,232100
2024-05-22 13:27:00,9.86,9.87,9.85,9.85,213100
2024-05-22 13:28:00,9.85,9.86,9.82,9.83,399200
2024-05-22 13:29:00,9.82,9.83,9.81,9.82,213300
2024-05-22 13:30:00,9.81,9.83,9.78,9.79,1208200
2024-05-22 13:31:00,9.78,9.79,9.71,9.72,747800
2024-05-22 13:32:00,9.72,9.73,9.71,9.72,514700
2024-05-22 13:33:00,9.73,9.74,9.72,9.72,350100
2024-05-22 13:34:00,9.73,9.74,9.72,9.74,221600
2024-05-22 13:35:00,9.74,9.76,9.73,9.76,167800
2024-05-22 13:36:00,9.76,9.79,9.75,9.77,306600
2024-05-22 13:37:00,9.77,9.79,9.75,9.78,167600
2024-05-22 13:38:00,9.79,9.81,9.78,9.8,209600
2024-05-22 13:39:00,9.8,9.8,9.77,9.78,336400
2024-05-22 13:40:00,9.77,9.78,9.73,9.74,322600
2024-05-22 13:41:00,9.73,9.77,9.73,9.75,155900
2024-05-22 13:42:00,9.75,9.76,9.74,9.74,137500
2024-05-22 13:43:00,9.74,9.75,9.73,9.74,192900
2024-05-22 13:44:00,9.75,9.75,9.73,9.74,203400
2024-05-22 13:45:00,9.73,9.74,9.72,9.73,262400
2024-05-22 13:46:00,9.73,9.74,9.71,9.72,377200
2024-05-22 13:47:00,9.72,9.72,9.67,9.67,713700
2024-05-22 13:48:00,9.67,9.69,9.65,9.67,579100
2024-05-22 13:49:00,9.67,9.7,9.67,9.69,329700
2024-05-22 13:50:00,9.69,9.71,9.68,9.71,192800
2024-05-22 13:51:00,9.7,9.71,9.68,9.68,326000
2024-05-22 13:52:00,9.68,9.7,9.67,9.68,187700
2024-05-22 13:53:00,9.69,9.69,9.66,9.66,343300
2024-05-22 13:54:00,9.66,9.67,9.65,9.67,375200
2024-05-22 13:55:00,9.67,9.67,9.65,9.66,325700
2024-05-22 13:56:00,9.67,9.67,9.65,9.65,566700
2024-05-22 13:57:00,9.65,9.66,9.63,9.63,370000
2024-05-22 13:58:00,9.63,9.64,9.57,9.57,1420100
2024-05-22 13:59:00,9.57,9.66,9.56,9.66,475400
2024-05-22 14:00:00,9.66,9.7,9.66,9.67,328500
2024-05-22 14:01:00,9.66,9.66,9.59,9.61,291900
2024-05-22 14:02:00,9.61,9.65,9.6,9.65,174800
2024-05-22 14:03:00,9.65,9.69,9.65,9.66,167200
2024-05-22 14:04:00,9.67,9.69,9.64,9.69,278900
2024-05-22 14:05:00,9.69,9.7,9.68,9.69,180300
2024-05-22 14:06:00,9.7,9.72,9.69,9.72,180800
2024-05-22 14:07:00,9.72,9.72,9.7,9.7,357600
2024-05-22 14:08:00,9.7,9.71,9.65,9.66,308600
2024-05-22 14:09:00,9.66,9.66,9.65,9.65,121000
2024-05-22 14:10:00,9.65,9.66,9.62,9.62,308300
2024-05-22 14:11:00,9.62,9.64,9.61,9.64,197000
2024-05-22 14:12:00,9.63,9.64,9.63,9.63,187000
2024-05-22 14:13:00,9.64,9.64,9.63,9.64,215600
2024-05-22 14:14:00,9.64,9.64,9.63,9.64,195800
2024-05-22 14:15:00,9.64,9.64,9.62,9.64,191800
2024-05-22 14:16:00,9.63,9.64,9.62,9.64,116400
2024-05-22 14:17:00,9.64,9.65,9.63,9.64,335900
2024-05-22 14:18:00,9.65,9.65,9.63,9.64,121600
2024-05-22 14:19:00,9.64,9.66,9.63,9.66,216300
2024-05-22 14:20:00,9.65,9.66,9.59,9.6,966200
2024-05-22 14:21:00,9.6,9.6,9.55,9.56,1242600
2024-05-22 14:22:00,9.56,9.57,9.55,9.56,599000
2024-05-22 14:23:00,9.56,9.56,9.51,9.52,1736800
2024-05-22 14:24:00,9.52,9.53,9.51,9.53,1095300
2024-05-22 14:25:00,9.53,9.6,9.53,9.59,1264700
2024-05-22 14:26:00,9.59,9.59,9.56,9.56,340300
2024-05-22 14:27:00,9.56,9.57,9.54,9.55,391400
2024-05-22 14:28:00,9.54,9.56,9.53,9.54,398500
2024-05-22 14:29:00,9.54,9.55,9.53,9.54,209500
2024-05-22 14:30:00,9.54,9.54,9.53,9.54,611400
2024-05-22 14:31:00,9.53,9.54,9.51,9.51,613600
2024-05-22 14:32:00,9.52,9.52,9.5,9.51,571800
2024-05-22 14:33:00,9.5,9.51,9.48,9.48,1301600
2024-05-22 14:34:00,9.49,9.49,9.38,9.38,1823100
2024-05-22 14:35:00,9.39,9.48,9.38,9.47,1181100
2024-05-22 14:36:00,9.47,9.49,9.45,9.46,533000
2024-05-22 14:37:00,9.45,9.46,9.42,9.44,999800
2024-05-22 14:38:00,9.45,9.49,9.44,9.48,549400
2024-05-22 14:39:00,9.49,9.52,9.48,9.5,657500
2024-05-22 14:40:00,9.49,9.55,9.49,9.53,409700
2024-05-22 14:41:00,9.54,9.59,9.53,9.56,382600
2024-05-22 14:42:00,9.57,9.57,9.51,9.54,376200
2024-05-22 14:43:00,9.54,9.55,9.52,9.52,243800
2024-05-22 14:44:00,9.52,9.53,9.49,9.49,361200
2024-05-22 14:45:00,9.49,9.5,9.48,9.49,352500
2024-05-22 14:46:00,9.49,9.5,9.48,9.49,239500
2024-05-22 14:47:00,9.48,9.49,9.45,9.48,791200
2024-05-22 14:48:00,9.47,9.49,9.46,9.48,485700
2024-05-22 14:49:00,9.49,9.49,9.46,9.47,698200
2024-05-22 14:50:00,9.47,9.49,9.46,9.48,577400
2024-05-22 14:51:00,9.48,9.5,9.48,9.5,553700
2024-05-22 14:52:00,9.49,9.5,9.48,9.49,605000
2024-05-22 14:53:00,9.49,9.51,9.49,9.5,771300
2024-05-22 14:54:00,9.49,9.5,9.43,9.44,1719100
2024-05-22 14:55:00,9.44,9.45,9.39,9.4,2237800
2024-05-22 14:56:00,9.4,9.42,9.39,9.4,1419500
2024-05-22 14:57:00,9.4,9.42,9.4,9.41,1423100
2024-05-22 15:00:00,9.49,9.49,9.49,9.49,3433300
2024-05-23 09:31:00,9.14,9.49,9.13,9.37,20702100
2024-05-23 09:32:00,9.37,9.55,9.34,9.39,5808400
2024-05-23 09:33:00,9.39,9.43,9.28,9.33,4173600
2024-05-23 09:34:00,9.32,9.41,9.3,9.34,3411100
2024-05-23 09:35:00,9.33,9.4,9.33,9.36,2432100
2024-05-23 09:36:00,9.36,9.46,9.33,9.4,3212900
2024-05-23 09:37:00,9.4,9.55,9.37,9.53,4185900
2024-05-23 09:38:00,9.53,9.54,9.43,9.45,2561500
2024-05-23 09:39:00,9.45,9.51,9.42,9.47,1557300
2024-05-23 09:40:00,9.48,9.64,9.45,9.61,4290000
2024-05-23 09:41:00,9.61,9.62,9.55,9.59,4021800
2024-05-23 09:42:00,9.58,9.61,9.53,9.53,1949400
2024-05-23 09:43:00,9.53,9.62,9.51,9.61,1781552
2024-05-23 09:44:00,9.6,9.62,9.54,9.56,2025547
2024-05-23 09:45:00,9.56,9.64,9.56,9.62,1906500
2024-05-23 09:46:00,9.62,9.63,9.56,9.57,1606600
2024-05-23 09:47:00,9.57,9.64,9.55,9.62,1322800
2024-05-23 09:48:00,9.62,9.62,9.57,9.61,1593600
2024-05-23 09:49:00,9.61,9.73,9.61,9.67,4050000
2024-05-23 09:50:00,9.67,9.69,9.63,9.65,1875800
2024-05-23 09:51:00,9.65,9.67,9.63,9.63,1502200
2024-05-23 09:52:00,9.63,9.64,9.56,9.56,1247500
2024-05-23 09:53:00,9.56,9.58,9.5,9.5,1615600
2024-05-23 09:54:00,9.5,9.53,9.48,9.49,1605300
2024-05-23 09:55:00,9.49,9.55,9.49,9.54,1040400
2024-05-23 09:56:00,9.54,9.54,9.51,9.52,1013700
2024-05-23 09:57:00,9.51,9.53,9.46,9.46,1238100
2024-05-23 09:58:00,9.46,9.51,9.45,9.5,1054500
2024-05-23 09:59:00,9.5,9.54,9.48,9.52,1072900
2024-05-23 10:00:00,9.52,9.52,9.49,9.5,560500
2024-05-23 10:01:00,9.5,9.5,9.47,9.48,765300
2024-05-23 10:02:00,9.48,9.53,9.48,9.52,650400
2024-05-23 10:03:00,9.52,9.55,9.5,9.51,522900
2024-05-23 10:04:00,9.51,9.54,9.49,9.51,468200
2024-05-23 10:05:00,9.51,9.53,9.5,9.52,476200
2024-05-23 10:06:00,9.52,9.53,9.45,9.49,1043400
2024-05-23 10:07:00,9.49,9.51,9.48,9.51,325700
2024-05-23 10:08:00,9.51,9.52,9.5,9.51,241900
2024-05-23 10:09:00,9.51,9.52,9.48,9.51,693800
2024-05-23 10:10:00,9.51,9.54,9.5,9.53,433300
2024-05-23 10:11:00,9.53,9.56,9.51,9.52,534900
2024-05-23 10:12:00,9.53,9.56,9.51,9.55,439700
2024-05-23 10:13:00,9.55,9.57,9.54,9.56,358100
2024-05-23 10:14:00,9.56,9.57,9.53,9.53,318800
2024-05-23 10:15:00,9.54,9.55,9.5,9.5,514100
2024-05-23 10:16:00,9.5,9.51,9.35,9.38,3222300
2024-05-23 10:17:00,9.38,9.49,9.38,9.4,1446400
2024-05-23 10:18:00,9.4,9.45,9.4,9.43,852900
2024-05-23 10:19:00,9.43,9.45,9.4,9.43,1154500
2024-05-23 10:20:00,9.43,9.45,9.39,9.39,729600
2024-05-23 10:21:00,9.39,9.52,9.39,9.5,966500
2024-05-23 10:22:00,9.5,9.51,9.47,9.48,569100
2024-05-23 10:23:00,9.48,9.48,9.4,9.44,969100
2024-05-23 10:24:00,9.44,9.48,9.43,9.48,485400
2024-05-23 10:25:00,9.46,9.48,9.46,9.47,246500
2024-05-23 10:26:00,9.48,9.5,9.46,9.49,426200
2024-05-23 10:27:00,9.49,9.5,9.46,9.46,372600
2024-05-23 10:28:00,9.46,9.47,9.45,9.46,201700
2024-05-23 10:29:00,9.46,9.49,9.46,9.46,203900
2024-05-23 10:30:00,9.46,9.48,9.45,9.46,228800
2024-05-23 10:31:00,9.47,9.49,9.46,9.48,247600
2024-05-23 10:32:00,9.48,9.49,9.46,9.47,254900
2024-05-23 10:33:00,9.48,9.48,9.46,9.47,156600
2024-05-23 10:34:00,9.46,9.52,9.46,9.51,489200
2024-05-23 10:35:00,9.51,9.53,9.46,9.46,359600
2024-05-23 10:36:00,9.48,9.51,9.46,9.51,239800
2024-05-23 10:37:00,9.51,9.51,9.47,9.48,339500
2024-05-23 10:38:00,9.47,9.49,9.47,9.48,154500
2024-05-23 10:39:00,9.49,9.51,9.47,9.51,237800
2024-05-23 10:40:00,9.51,9.52,9.5,9.51,214100
2024-05-23 10:41:00,9.51,9.52,9.48,9.48,342100
2024-05-23 10:42:00,9.48,9.5,9.47,9.48,110400
2024-05-23 10:43:00,9.48,9.51,9.48,9.49,201900
2024-05-23 10:44:00,9.5,9.5,9.47,9.48,369300
2024-05-23 10:45:00,9.49,9.49,9.47,9.47,288900
2024-05-23 10:46:00,9.47,9.49,9.46,9.48,136000
2024-05-23 10:47:00,9.48,9.49,9.47,9.47,214300
2024-05-23 10:48:00,9.47,9.49,9.46,9.47,300000
2024-05-23 10:49:00,9.46,9.47,9.45,9.46,328700
2024-05-23 10:50:00,9.46,9.48,9.46,9.48,142900
2024-05-23 10:51:00,9.47,9.47,9.45,9.46,213400
2024-05-23 10:52:00,9.45,9.46,9.39,9.4,905800
2024-05-23 10:53:00,9.42,9.45,9.4,9.43,165600
2024-05-23 10:54:00,9.43,9.45,9.41,9.42,198200
2024-05-23 10:55:00,9.42,9.44,9.41,9.41,289600
2024-05-23 10:56:00,9.41,9.44,9.41,9.43,329700
2024-05-23 10:57:00,9.43,9.44,9.42,9.43,139000
2024-05-23 10:58:00,9.42,9.43,9.41,9.41,230800
2024-05-23 10:59:00,9.41,9.43,9.4,9.41,479300
2024-05-23 11:00:00,9.4,9.42,9.39,9.4,514800
2024-05-23 11:01:00,9.41,9.45,9.39,9.45,716600
2024-05-23 11:02:00,9.44,9.47,9.42,9.44,410100
2024-05-23 11:03:00,9.45,9.49,9.44,9.49,223300
2024-05-23 11:04:00,9.48,9.49,9.48,9.48,139800
2024-05-23 11:05:00,9.48,9.48,9.46,9.47,155700
2024-05-23 11:06:00,9.47,9.48,9.46,9.46,104400
2024-05-23 11:07:00,9.47,9.48,9.46,9.48,153800
2024-05-23 11:08:00,9.48,9.55,9.47,9.53,727500
2024-05-23 11:09:00,9.53,9.54,9.49,9.5,325800
2024-05-23 11:10:00,9.5,9.51,9.47,9.48,218800
2024-05-23 11:11:00,9.47,9.48,9.46,9.48,98300
2024-05-23 11:12:00,9.47,9.48,9.42,9.42,271000
2024-05-23 11:13:00,9.43,9.46,9.42,9.46,192800
2024-05-23 11:14:00,9.47,9.47,9.44,9.45,160400
2024-05-23 11:15:00,9.44,9.45,9.43,9.43,132000
2024-05-23 11:16:00,9.43,9.44,9.42,9.43,202700
2024-05-23 11:17:00,9.43,9.44,9.41,9.41,375600
2024-05-23 11:18:00,9.41,9.43,9.41,9.43,246600
2024-05-23 11:19:00,9.43,9.44,9.42,9.44,92600
2024-05-23 11:20:00,9.43,9.44,9.41,9.42,155200
2024-05-23 11:21:00,9.42,9.43,9.4,9.4,387000
2024-05-23 11:22:00,9.4,9.42,9.4,9.42,328300
2024-05-23 11:23:00,9.42,9.43,9.41,9.42,225700
2024-05-23 11:24:00,9.42,9.43,9.4,9.4,253000
2024-05-23 11:25:00,9.4,9.41,9.35,9.39,797800
2024-05-23 11:26:00,9.36,9.39,9.36,9.38,417700
2024-05-23 11:27:00,9.38,9.39,9.33,9.34,708000
2024-05-23 11:28:00,9.35,9.39,9.33,9.36,494100
2024-05-23 11:29:00,9.36,9.37,9.33,9.33,461500
2024-05-23 11:30:00,9.34,9.36,9.33,9.34,618600
2024-05-23 13:01:00,9.33,9.51,9.32,9.47,1180800
2024-05-23 13:02:00,9.46,9.48,9.4,9.4,406700
2024-05-23 13:03:00,9.42,9.47,9.4,9.4,206300
2024-05-23 13:04:00,9.4,9.43,9.38,9.4,246000
2024-05-23 13:05:00,9.41,9.41,9.37,9.41,330800
2024-05-23 13:06:00,9.41,9.41,9.37,9.37,249700
2024-05-23 13:07:00,9.38,9.4,9.35,9.37,213000
2024-05-23 13:08:00,9.37,9.37,9.33,9.33,250900
2024-05-23 13:09:00,9.34,9.35,9.28,9.3,1002600
2024-05-23 13:10:00,9.3,9.32,9.3,9.3,388600
2024-05-23 13:11:00,9.3,9.35,9.3,9.32,287500
2024-05-23 13:12:00,9.32,9.34,9.3,9.31,234800
2024-05-23 13:13:00,9.31,9.32,9.3,9.3,313800
2024-05-23 13:14:00,9.3,9.32,9.3,9.3,284100
2024-05-23 13:15:00,9.3,9.32,9.29,9.31,458000
2024-05-23 13:16:00,9.31,9.33,9.3,9.31,278700
2024-05-23 13:17:00,9.31,9.31,9.29,9.3,236900
2024-05-23 13:18:00,9.3,9.31,9.27,9.28,569800
2024-05-23 13:19:00,9.28,9.31,9.26,9.28,622200
2024-05-23 13:20:00,9.29,9.31,9.27,9.29,346000
2024-05-23 13:21:00,9.28,9.34,9.28,9.32,428600
2024-05-23 13:22:00,9.33,9.36,9.32,9.33,258000
2024-05-23 13:23:00,9.34,9.34,9.28,9.29,384600
2024-05-23 13:24:00,9.3,9.34,9.29,9.33,465900
2024-05-23 13:25:00,9.33,9.33,9.3,9.3,157300
2024-05-23 13:26:00,9.3,9.34,9.3,9.33,187600
2024-05-23 13:27:00,9.33,9.37,9.33,9.37,287800
2024-05-23 13:28:00,9.37,9.39,9.34,9.34,250000
2024-05-23 13:29:00,9.35,9.35,9.33,9.35,230400
2024-05-23 13:30:00,9.35,9.37,9.34,9.35,101700
2024-05-23 13:31:00,9.35,9.37,9.34,9.35,166700
2024-05-23 13:32:00,9.35,9.35,9.33,9.35,244400
2024-05-23 13:33:00,9.34,9.39,9.33,9.39,349602
2024-05-23 13:34:00,9.39,9.44,9.39,9.44,603600
2024-05-23 13:35:00,9.42,9.51,9.42,9.5,1152100
2024-05-23 13:36:00,9.5,9.51,9.45,9.46,542900
2024-05-23 13:37:00,9.46,9.54,9.45,9.52,1213600
2024-05-23 13:38:00,9.51,9.52,9.48,9.49,474500
2024-05-23 13:39:00,9.49,9.5,9.47,9.47,310500
2024-05-23 13:40:00,9.47,9.5,9.47,9.5,282600
2024-05-23 13:41:00,9.5,9.65,9.48,9.65,2427100
2024-05-23 13:42:00,9.61,9.67,9.5,9.66,2058300
2024-05-23 13:43:00,9.66,9.67,9.57,9.6,1771800
2024-05-23 13:44:00,9.6,9.62,9.57,9.61,862400
2024-05-23 13:45:00,9.61,9.63,9.55,9.6,813100
2024-05-23 13:46:00,9.6,9.79,9.6,9.78,4249975
2024-05-23 13:47:00,9.78,9.79,9.72,9.75,4080477
2024-05-23 13:48:00,9.75,9.76,9.67,9.69,1267600
2024-05-23 13:49:00,9.69,9.75,9.67,9.72,1396000
2024-05-23 13:50:00,9.71,9.72,9.65,9.66,1122100
2024-05-23 13:51:00,9.66,9.69,9.64,9.68,478300
2024-05-23 13:52:00,9.69,9.86,9.68,9.83,4661100
2024-05-23 13:53:00,9.83,9.84,9.74,9.79,1433700
2024-05-23 13:54:00,9.8,9.81,9.74,9.79,901500
2024-05-23 13:55:00,9.78,9.96,9.78,9.93,5335423
2024-05-23 13:56:00,9.93,9.95,9.85,9.9,1705201
2024-05-23 13:57:00,9.9,9.99,9.9,9.95,3220700
2024-05-23 13:58:00,9.94,9.95,9.81,9.87,1380600
2024-05-23 13:59:00,9.87,9.92,9.84,9.84,1420100
2024-05-23 14:00:00,9.84,9.86,9.76,9.79,1213100
2024-05-23 14:01:00,9.79,9.85,9.79,9.81,951800
2024-05-23 14:02:00,9.8,9.82,9.72,9.74,813700
2024-05-23 14:03:00,9.74,9.78,9.74,9.77,844700
2024-05-23 14:04:00,9.76,9.77,9.68,9.68,1045600
2024-05-23 14:05:00,9.68,9.69,9.64,9.66,895300
2024-05-23 14:06:00,9.66,9.68,9.64,9.64,745500
2024-05-23 14:07:00,9.64,9.68,9.63,9.68,600200
2024-05-23 14:08:00,9.68,9.73,9.67,9.71,417100
2024-05-23 14:09:00,9.71,9.73,9.7,9.71,317400
2024-05-23 14:10:00,9.72,9.72,9.69,9.69,287200
2024-05-23 14:11:00,9.7,9.7,9.67,9.68,267400
2024-05-23 14:12:00,9.69,9.76,9.68,9.75,345800
2024-05-23 14:13:00,9.76,9.77,9.71,9.71,343900
2024-05-23 14:14:00,9.71,9.74,9.7,9.73,339900
2024-05-23 14:15:00,9.74,9.75,9.72,9.72,226100
2024-05-23 14:16:00,9.72,9.73,9.68,9.69,309500
2024-05-23 14:17:00,9.68,9.7,9.67,9.68,240900
2024-05-23 14:18:00,9.67,9.7,9.67,9.7,175500
2024-05-23 14:19:00,9.7,9.71,9.69,9.71,310000
2024-05-23 14:20:00,9.7,9.71,9.69,9.69,128500
2024-05-23 14:21:00,9.69,9.7,9.68,9.68,292400
2024-05-23 14:22:00,9.68,9.69,9.67,9.69,363100
2024-05-23 14:23:00,9.69,9.71,9.68,9.71,273900
2024-05-23 14:24:00,9.72,9.74,9.71,9.73,253400
2024-05-23 14:25:00,9.73,9.74,9.73,9.73,196300
2024-05-23 14:26:00,9.73,9.74,9.69,9.69,454500
2024-05-23 14:27:00,9.7,9.74,9.7,9.71,212500
2024-05-23 14:28:00,9.71,9.72,9.68,9.69,213300
2024-05-23 14:29:00,9.7,9.7,9.69,9.69,147600
2024-05-23 14:30:00,9.7,9.71,9.69,9.71,175200
2024-05-23 14:31:00,9.71,9.71,9.69,9.7,135800
2024-05-23 14:32:00,9.69,9.71,9.69,9.69,272700
2024-05-23 14:33:00,9.7,9.7,9.69,9.69,197100
2024-05-23 14:34:00,9.69,9.7,9.66,9.66,715700
2024-05-23 14:35:00,9.66,9.67,9.63,9.64,381900
2024-05-23 14:36:00,9.63,9.64,9.62,9.63,411000
2024-05-23 14:37:00,9.63,9.69,9.63,9.69,342600
2024-05-23 14:38:00,9.69,9.69,9.65,9.66,531700
2024-05-23 14:39:00,9.65,9.69,9.65,9.68,262000
2024-05-23 14:40:00,9.68,9.69,9.66,9.66,405400
2024-05-23 14:41:00,9.66,9.67,9.66,9.67,315700
2024-05-23 14:42:00,9.66,9.68,9.66,9.67,337200
2024-05-23 14:43:00,9.66,9.67,9.66,9.67,222900
2024-05-23 14:44:00,9.67,9.67,9.66,9.67,313900
2024-05-23 14:45:00,9.67,9.68,9.67,9.68,300500
2024-05-23 14:46:00,9.67,9.7,9.67,9.7,919800
2024-05-23 14:47:00,9.7,9.73,9.69,9.7,959000
2024-05-23 14:48:00,9.7,9.71,9.69,9.7,440900
2024-05-23 14:49:00,9.7,9.73,9.69,9.73,974900
2024-05-23 14:50:00,9.73,9.75,9.71,9.74,636100
2024-05-23 14:51:00,9.74,9.76,9.72,9.73,1082000
2024-05-23 14:52:00,9.73,9.74,9.7,9.71,658300
2024-05-23 14:53:00,9.71,9.73,9.71,9.72,578900
2024-05-23 14:54:00,9.72,9.75,9.71,9.74,1487200
2024-05-23 14:55:00,9.74,9.78,9.74,9.77,1858800
2024-05-23 14:56:00,9.78,9.8,9.76,9.79,1613865
2024-05-23 14:57:00,9.79,9.88,9.78,9.82,3308600
2024-05-23 15:00:00,9.8,9.8,9.8,9.8,3142900
2024-05-24 09:31:00,9.32,9.35,8.96,9.12,14987700
2024-05-24 09:32:00,9.12,9.14,9.01,9.05,6393000
2024-05-24 09:33:00,9.03,9.2,9.0,9.18,4066000
2024-05-24 09:34:00,9.18,9.25,9.11,9.18,3967600
2024-05-24 09:35:00,9.17,9.29,9.14,9.28,2344500
2024-05-24 09:36:00,9.28,9.29,9.18,9.23,3345900
2024-05-24 09:37:00,9.23,9.28,9.22,9.25,1887200
2024-05-24 09:38:00,9.25,9.25,9.19,9.2,2240200
2024-05-24 09:39:00,9.19,9.25,9.19,9.24,993900
2024-05-24 09:40:00,9.24,9.38,9.24,9.35,1430000
2024-05-24 09:41:00,9.34,9.35,9.26,9.3,3220800
2024-05-24 09:42:00,9.31,9.34,9.28,9.3,1075300
2024-05-24 09:43:00,9.31,9.31,9.2,9.21,1223600
2024-05-24 09:44:00,9.22,9.23,9.17,9.18,1769800
2024-05-24 09:45:00,9.18,9.25,9.18,9.22,867600
2024-05-24 09:46:00,9.22,9.23,9.11,9.13,2587000
2024-05-24 09:47:00,9.13,9.23,9.12,9.19,2189300
2024-05-24 09:48:00,9.19,9.23,9.16,9.16,2056700
2024-05-24 09:49:00,9.17,9.2,9.15,9.17,1383000
2024-05-24 09:50:00,9.16,9.17,9.11,9.14,2128300
2024-05-24 09:51:00,9.13,9.13,9.06,9.12,3319700
2024-05-24 09:52:00,9.11,9.12,9.08,9.1,1825700
2024-05-24 09:53:00,9.1,9.11,9.06,9.08,1404952
2024-05-24 09:54:00,9.09,9.14,9.08,9.13,768200
2024-05-24 09:55:00,9.13,9.17,9.12,9.15,740000
2024-05-24 09:56:00,9.14,9.15,9.11,9.11,513400
2024-05-24 09:57:00,9.13,9.17,9.11,9.16,429100
2024-05-24 09:58:00,9.17,9.18,9.13,9.15,825000
2024-05-24 09:59:00,9.15,9.17,9.12,9.12,476400
2024-05-24 10:00:00,9.12,9.16,9.12,9.15,542600
2024-05-24 10:01:00,9.15,9.15,9.08,9.1,971600
2024-05-24 10:02:00,9.09,9.12,9.07,9.08,1053500
2024-05-24 10:03:00,9.08,9.1,9.06,9.09,978200
2024-05-24 10:04:00,9.1,9.12,9.07,9.1,1260800
2024-05-24 10:05:00,9.11,9.11,9.07,9.08,814700
2024-05-24 10:06:00,9.08,9.1,9.07,9.09,581800
2024-05-24 10:07:00,9.09,9.13,9.08,9.12,564100
2024-05-24 10:08:00,9.12,9.15,9.12,9.13,341600
2024-05-24 10:09:00,9.13,9.14,9.12,9.14,542200
2024-05-24 10:10:00,9.13,9.18,9.13,9.17,364300
2024-05-24 10:11:00,9.16,9.17,9.12,9.15,497100
2024-05-24 10:12:00,9.16,9.19,9.14,9.18,276200
2024-05-24 10:13:00,9.18,9.23,9.18,9.23,938000
2024-05-24 10:14:00,9.21,9.24,9.2,9.22,347400
2024-05-24 10:15:00,9.22,9.26,9.2,9.22,690800
2024-05-24 10:16:00,9.21,9.28,9.21,9.28,323800
2024-05-24 10:17:00,9.27,9.28,9.21,9.21,434000
2024-05-24 10:18:00,9.21,9.24,9.2,9.23,208300
2024-05-24 10:19:00,9.24,9.27,9.23,9.24,266300
2024-05-24 10:20:00,9.24,9.25,9.23,9.24,251500
2024-05-24 10:21:00,9.23,9.24,9.19,9.21,418500
2024-05-24 10:22:00,9.21,9.23,9.21,9.21,170000
2024-05-24 10:23:00,9.21,9.24,9.19,9.24,442123
2024-05-24 10:24:00,9.24,9.26,9.2,9.22,853500
2024-05-24 10:25:00,9.21,9.22,9.16,9.16,610100
2024-05-24 10:26:00,9.16,9.17,9.1,9.12,729200
2024-05-24 10:27:00,9.12,9.14,9.1,9.12,291600
2024-05-24 10:28:00,9.12,9.15,9.12,9.13,450400
2024-05-24 10:29:00,9.13,9.18,9.12,9.18,315300
2024-05-24 10:30:00,9.16,9.2,9.15,9.2,233600
2024-05-24 10:31:00,9.2,9.2,9.16,9.18,410000
2024-05-24 10:32:00,9.18,9.2,9.17,9.19,290300
2024-05-24 10:33:00,9.18,9.19,9.17,9.19,192800
2024-05-24 10:34:00,9.18,9.2,9.18,9.19,221900
2024-05-24 10:35:00,9.18,9.19,9.15,9.16,259700
2024-05-24 10:36:00,9.16,9.17,9.14,9.14,460900
2024-05-24 10:37:00,9.14,9.15,9.14,9.15,223000
2024-05-24 10:38:00,9.15,9.15,9.13,9.14,200100
2024-05-24 10:39:00,9.13,9.15,9.11,9.12,371500
2024-05-24 10:40:00,9.13,9.16,9.12,9.13,347900
2024-05-24 10:41:00,9.13,9.13,9.08,9.09,663800
2024-05-24 10:42:00,9.09,9.1,9.07,9.09,753000
2024-05-24 10:43:00,9.09,9.1,9.08,9.09,289700
2024-05-24 10:44:00,9.09,9.1,9.06,9.06,774500
2024-05-24 10:45:00,9.07,9.08,9.06,9.08,772400
2024-05-24 10:46:00,9.07,9.09,9.07,9.09,183800
2024-05-24 10:47:00,9.08,9.11,9.08,9.1,438100
2024-05-24 10:48:00,9.1,9.11,9.08,9.1,347100
2024-05-24 10:49:00,9.09,9.1,9.07,9.07,390700
2024-05-24 10:50:00,9.08,9.08,9.06,9.07,428100
2024-05-24 10:51:00,9.07,9.07,9.06,9.06,324900
2024-05-24 10:52:00,9.06,9.1,9.05,9.09,575200
2024-05-24 10:53:00,9.1,9.13,9.09,9.11,486700
2024-05-24 10:54:00,9.11,9.11,9.07,9.1,291700
2024-05-24 10:55:00,9.1,9.11,9.09,9.09,184200
2024-05-24 10:56:00,9.09,9.1,9.08,9.08,226400
2024-05-24 10:57:00,9.08,9.09,9.06,9.08,537100
2024-05-24 10:58:00,9.08,9.1,9.07,9.09,189400
2024-05-24 10:59:00,9.1,9.12,9.09,9.11,157065
2024-05-24 11:00:00,9.11,9.11,9.07,9.08,232335
2024-05-24 11:01:00,9.07,9.08,9.04,9.04,638965
2024-05-24 11:02:00,9.04,9.06,9.03,9.04,801500
2024-05-24 11:03:00,9.04,9.07,9.04,9.06,377300
2024-05-24 11:04:00,9.06,9.07,9.05,9.06,217400
2024-05-24 11:05:00,9.06,9.06,9.04,9.04,478400
2024-05-24 11:06:00,9.04,9.06,9.0,9.02,2243800
2024-05-24 11:07:00,9.02,9.05,9.01,9.04,534500
2024-05-24 11:08:00,9.05,9.07,9.04,9.05,469300
2024-05-24 11:09:00,9.04,9.06,9.03,9.04,445300
2024-05-24 11:10:00,9.05,9.05,9.04,9.05,152200
2024-05-24 11:11:00,9.05,9.07,9.05,9.06,233300
2024-05-24 11:12:00,9.06,9.08,9.05,9.08,257400
2024-05-24 11:13:00,9.07,9.08,9.03,9.04,482700
2024-05-24 11:14:00,9.04,9.05,9.02,9.04,194700
2024-05-24 11:15:00,9.03,9.05,9.03,9.04,562900
2024-05-24 11:16:00,9.04,9.05,9.01,9.01,332900
2024-05-24 11:17:00,9.02,9.03,9.0,9.02,495400
2024-05-24 11:18:00,9.02,9.04,9.02,9.04,126600
2024-05-24 11:19:00,9.04,9.04,9.02,9.03,173300
2024-05-24 11:20:00,9.02,9.03,9.0,9.0,1634800
2024-05-24 11:21:00,9.01,9.04,9.01,9.02,521800
2024-05-24 11:22:00,9.02,9.03,9.01,9.02,244400
2024-05-24 11:23:00,9.03,9.04,9.01,9.01,323000
2024-05-24 11:24:00,9.01,9.06,9.01,9.05,354100
2024-05-24 11:25:00,9.05,9.06,9.03,9.05,234300
2024-05-24 11:26:00,9.04,9.05,8.97,8.97,1075700
2024-05-24 11:27:00,8.97,9.0,8.96,8.98,1497300
2024-05-24 11:28:00,8.98,9.0,8.97,8.98,1028400
2024-05-24 11:29:00,8.99,9.02,8.98,8.99,373800
2024-05-24 11:30:00,8.99,9.0,8.97,8.98,523800
2024-05-24 13:01:00,8.98,9.02,8.96,9.01,1345500
2024-05-24 13:02:00,9.01,9.01,8.96,8.97,609300
2024-05-24 13:03:00,8.96,9.01,8.95,9.0,584900
2024-05-24 13:04:00,9.01,9.04,8.99,9.04,311899
2024-05-24 13:05:00,9.03,9.05,9.03,9.04,195400
2024-05-24 13:06:00,9.05,9.05,9.02,9.03,279000
2024-05-24 13:07:00,9.03,9.04,9.02,9.02,116600
2024-05-24 13:08:00,9.03,9.03,9.0,9.0,169500
2024-05-24 13:09:00,9.0,9.02,9.0,9.0,205036
2024-05-24 13:10:00,9.01,9.04,8.99,9.03,605500
2024-05-24 13:11:00,9.03,9.04,9.02,9.02,179400
2024-05-24 13:12:00,9.03,9.03,9.01,9.01,157200
2024-05-24 13:13:00,9.02,9.06,9.01,9.05,293900
2024-05-24 13:14:00,9.05,9.05,9.03,9.05,133700
2024-05-24 13:15:00,9.04,9.05,9.0,9.05,324400
2024-05-24 13:16:00,9.04,9.09,9.02,9.07,466800
2024-05-24 13:17:00,9.06,9.07,9.05,9.05,264600
2024-05-24 13:18:00,9.05,9.06,9.04,9.05,190200
2024-05-24 13:19:00,9.05,9.05,9.02,9.04,222200
2024-05-24 13:20:00,9.03,9.05,9.02,9.04,421000
2024-05-24 13:21:00,9.04,9.05,9.02,9.04,128600
2024-05-24 13:22:00,9.05,9.05,9.03,9.03,136900
2024-05-24 13:23:00,9.03,9.05,9.02,9.02,235500
2024-05-24 13:24:00,9.03,9.04,9.02,9.04,115500
2024-05-24 13:25:00,9.04,9.05,9.04,9.04,100000
2024-05-24 13:26:00,9.04,9.05,9.03,9.03,188100
2024-05-24 13:27:00,9.03,9.04,9.02,9.03,209800
2024-05-24 13:28:00,9.03,9.04,9.01,9.02,164100
2024-05-24 13:29:00,9.02,9.03,9.01,9.02,170300
2024-05-24 13:30:00,9.02,9.03,9.0,9.01,113800
2024-05-24 13:31:00,9.01,9.01,8.98,9.0,725200
2024-05-24 13:32:00,9.0,9.0,8.98,8.99,317400
2024-05-24 13:33:00,8.99,9.02,8.98,9.01,402600
2024-05-24 13:34:00,9.01,9.02,8.99,8.99,150800
2024-05-24 13:35:00,9.0,9.0,8.98,8.99,206400
2024-05-24 13:36:00,8.99,9.04,8.98,9.04,491600
2024-05-24 13:37:00,9.05,9.05,9.02,9.04,309700
2024-05-24 13:38:00,9.04,9.05,9.03,9.04,155100
2024-05-24 13:39:00,9.05,9.05,9.02,9.03,262900
2024-05-24 13:40:00,9.02,9.03,9.01,9.01,107300
2024-05-24 13:41:00,9.0,9.01,8.99,8.99,182200
2024-05-24 13:42:00,8.99,9.01,8.98,9.01,328700
2024-05-24 13:43:00,9.0,9.04,9.0,9.04,213600
2024-05-24 13:44:00,9.04,9.08,9.04,9.04,545000
2024-05-24 13:45:00,9.04,9.05,9.01,9.01,154200
2024-05-24 13:46:00,9.01,9.03,9.0,9.03,102300
2024-05-24 13:47:00,9.02,9.02,9.01,9.01,84300
2024-05-24 13:48:00,9.01,9.02,8.99,8.99,371100
2024-05-24 13:49:00,8.99,9.01,8.98,9.0,322100
2024-05-24 13:50:00,9.0,9.01,9.0,9.0,264700
2024-05-24 13:51:00,9.0,9.01,8.99,9.0,261400
2024-05-24 13:52:00,9.0,9.01,8.97,8.98,338100
2024-05-24 13:53:00,8.98,9.02,8.98,9.02,422700
2024-05-24 13:54:00,9.03,9.04,9.02,9.03,257300
2024-05-24 13:55:00,9.02,9.03,9.01,9.01,125700
2024-05-24 13:56:00,9.01,9.02,9.0,9.01,417600
2024-05-24 13:57:00,9.01,9.02,9.0,9.0,283800
2024-05-24 13:58:00,9.01,9.02,9.0,9.02,210300
2024-05-24 13:59:00,9.03,9.03,9.01,9.01,427800
2024-05-24 14:00:00,9.01,9.03,9.01,9.02,198100
2024-05-24 14:01:00,9.03,9.05,9.02,9.04,316200
2024-05-24 14:02:00,9.05,9.05,9.0,9.05,244900
2024-05-24 14:03:00,9.05,9.05,9.03,9.03,135100
2024-05-24 14:04:00,9.04,9.04,9.01,9.02,161900
2024-05-24 14:05:00,9.02,9.03,9.01,9.03,126800
2024-05-24 14:06:00,9.03,9.03,9.02,9.03,71400
2024-05-24 14:07:00,9.02,9.03,9.02,9.02,160200
2024-05-24 14:08:00,9.02,9.05,9.02,9.05,220500
2024-05-24 14:09:00,9.05,9.06,9.04,9.05,146100
2024-05-24 14:10:00,9.05,9.07,9.05,9.05,302600
2024-05-24 14:11:00,9.05,9.06,9.05,9.06,185900
2024-05-24 14:12:00,9.05,9.06,9.03,9.03,198100
2024-05-24 14:13:00,9.04,9.04,9.02,9.02,160500
2024-05-24 14:14:00,9.02,9.06,9.02,9.06,292700
2024-05-24 14:15:00,9.05,9.06,9.03,9.04,219000
2024-05-24 14:16:00,9.04,9.06,9.03,9.03,192500
2024-05-24 14:17:00,9.04,9.04,9.02,9.02,180300
2024-05-24 14:18:00,9.02,9.03,9.0,9.01,463400
2024-05-24 14:19:00,9.01,9.02,9.0,9.0,570700
2024-05-24 14:20:00,9.02,9.03,8.98,9.03,843400
2024-05-24 14:21:00,9.02,9.03,9.0,9.01,534900
2024-05-24 14:22:00,9.01,9.02,9.0,9.01,530300
2024-05-24 14:23:00,9.01,9.02,9.0,9.01,259800
2024-05-24 14:24:00,9.02,9.02,9.0,9.01,281300
2024-05-24 14:25:00,9.01,9.02,9.0,9.02,308800
2024-05-24 14:26:00,9.01,9.03,9.0,9.01,455900
2024-05-24 14:27:00,9.01,9.02,9.01,9.02,358800
2024-05-24 14:28:00,9.01,9.03,9.01,9.01,433000
2024-05-24 14:29:00,9.01,9.02,9.0,9.0,423100
2024-05-24 14:30:00,9.0,9.01,8.98,8.99,281300
2024-05-24 14:31:00,9.0,9.02,8.99,9.02,383100
2024-05-24 14:32:00,9.01,9.03,9.0,9.01,178900
2024-05-24 14:33:00,9.01,9.02,8.99,8.99,301600
2024-05-24 14:34:00,8.99,9.0,8.97,8.98,597800
2024-05-24 14:35:00,8.98,9.0,8.97,8.99,842500
2024-05-24 14:36:00,8.99,9.03,8.98,9.01,724100
2024-05-24 14:37:00,9.01,9.02,8.99,8.99,311400
2024-05-24 14:38:00,8.99,9.0,8.99,8.99,214700
2024-05-24 14:39:00,8.99,9.0,8.96,8.97,682300
2024-05-24 14:40:00,8.98,9.04,8.97,9.01,1720800
2024-05-24 14:41:00,9.01,9.02,8.99,9.0,357300
2024-05-24 14:42:00,9.0,9.0,8.98,8.99,459000
2024-05-24 14:43:00,8.99,9.0,8.98,8.99,334700
2024-05-24 14:44:00,8.99,9.0,8.98,8.98,882700
2024-05-24 14:45:00,8.99,8.99,8.96,8.96,1039600
2024-05-24 14:46:00,8.96,8.99,8.95,8.98,1409600
2024-05-24 14:47:00,8.99,8.99,8.96,8.97,525300
2024-05-24 14:48:00,8.96,8.99,8.96,8.97,989900
2024-05-24 14:49:00,8.97,8.98,8.95,8.96,1130700
2024-05-24 14:50:00,8.96,8.98,8.95,8.98,1289200
2024-05-24 14:51:00,8.98,8.99,8.97,8.98,620900
2024-05-24 14:52:00,8.98,9.0,8.97,8.98,993800
2024-05-24 14:53:00,8.98,9.0,8.97,8.98,866100
2024-05-24 14:54:00,8.98,8.99,8.97,8.98,935000
2024-05-24 14:55:00,8.98,8.99,8.96,8.96,972700
2024-05-24 14:56:00,8.96,8.98,8.96,8.98,1228900
2024-05-24 14:57:00,8.97,8.98,8.93,8.96,1760800
2024-05-24 15:00:00,8.97,8.97,8.97,8.97,3767700
2024-05-27 09:31:00,8.96,9.16,8.96,8.99,5698700
2024-05-27 09:32:00,8.99,9.07,8.97,8.99,1675400
2024-05-27 09:33:00,8.99,8.99,8.9,8.94,2891800
2024-05-27 09:34:00,8.95,9.02,8.94,8.99,1465700
2024-05-27 09:35:00,8.99,9.01,8.91,8.94,1510900
2024-05-27 09:36:00,8.94,8.96,8.91,8.94,1824800
2024-05-27 09:37:00,8.94,8.99,8.92,8.98,690300
2024-05-27 09:38:00,8.97,9.0,8.94,9.0,1581300
2024-05-27 09:39:00,8.98,8.99,8.91,8.93,836400
2024-05-27 09:40:00,8.93,8.95,8.9,8.92,1071500
2024-05-27 09:41:00,8.92,8.93,8.86,8.87,1684500
2024-05-27 09:42:00,8.87,8.88,8.82,8.83,1936600
2024-05-27 09:43:00,8.84,8.88,8.83,8.85,1276800
2024-05-27 09:44:00,8.85,8.86,8.81,8.82,1501800
2024-05-27 09:45:00,8.82,8.85,8.8,8.81,2122400
2024-05-27 09:46:00,8.82,8.84,8.79,8.8,2277700
2024-05-27 09:47:00,8.8,8.85,8.8,8.83,2324000
2024-05-27 09:48:00,8.83,8.88,8.8,8.86,1856100
2024-05-27 09:49:00,8.87,8.89,8.84,8.84,723500
2024-05-27 09:50:00,8.84,8.85,8.8,8.81,454800
2024-05-27 09:51:00,8.8,8.81,8.77,8.78,1755900
2024-05-27 09:52:00,8.79,8.8,8.74,8.75,1314800
2024-05-27 09:53:00,8.76,8.8,8.74,8.78,654400
2024-05-27 09:54:00,8.77,8.79,8.76,8.79,615300
2024-05-27 09:55:00,8.79,8.86,8.79,8.85,602000
2024-05-27 09:56:00,8.85,8.87,8.84,8.87,560400
2024-05-27 09:57:00,8.87,8.88,8.83,8.84,475100
2024-05-27 09:58:00,8.84,8.85,8.83,8.85,257300
2024-05-27 09:59:00,8.84,8.85,8.81,8.81,379700
2024-05-27 10:00:00,8.81,8.82,8.8,8.82,281200
2024-05-27 10:01:00,8.81,8.81,8.77,8.77,446500
2024-05-27 10:02:00,8.78,8.82,8.77,8.8,285500
2024-05-27 10:03:00,8.8,8.81,8.79,8.79,243000
2024-05-27 10:04:00,8.79,8.82,8.79,8.8,272600
2024-05-27 10:05:00,8.8,8.83,8.8,8.83,273600
2024-05-27 10:06:00,8.83,8.86,8.82,8.83,572000
2024-05-27 10:07:00,8.83,8.84,8.8,8.81,255300
2024-05-27 10:08:00,8.82,8.82,8.79,8.79,461500
2024-05-27 10:09:00,8.79,8.82,8.78,8.8,474200
2024-05-27 10:10:00,8.8,8.81,8.79,8.8,317700
2024-05-27 10:11:00,8.8,8.8,8.75,8.75,767300
2024-05-27 10:12:00,8.75,8.78,8.75,8.77,606000
2024-05-27 10:13:00,8.76,8.78,8.75,8.77,767000
2024-05-27 10:14:00,8.77,8.79,8.74,8.76,733600
2024-05-27 10:15:00,8.76,8.77,8.73,8.73,1179000
2024-05-27 10:16:00,8.74,8.77,8.72,8.75,1100600
2024-05-27 10:17:00,8.75,8.76,8.72,8.73,919500
2024-05-27 10:18:00,8.73,8.77,8.71,8.76,1040000
2024-05-27 10:19:00,8.76,8.76,8.73,8.74,223300
2024-05-27 10:20:00,8.74,8.75,8.73,8.74,319000
2024-05-27 10:21:00,8.74,8.78,8.72,8.78,668600
2024-05-27 10:22:00,8.78,8.78,8.72,8.72,516900
2024-05-27 10:23:00,8.73,8.74,8.72,8.73,158700
2024-05-27 10:24:00,8.73,8.73,8.72,8.72,325800
2024-05-27 10:25:00,8.73,8.74,8.71,8.72,1316200
2024-05-27 10:26:00,8.72,8.75,8.71,8.74,872700
2024-05-27 10:27:00,8.74,8.75,8.72,8.73,195900
2024-05-27 10:28:00,8.73,8.73,8.71,8.71,584200
2024-05-27 10:29:00,8.71,8.74,8.71,8.72,319500
2024-05-27 10:30:00,8.73,8.74,8.72,8.72,207500
2024-05-27 10:31:00,8.72,8.74,8.72,8.73,128300
2024-05-27 10:32:00,8.74,8.74,8.72,8.72,159600
2024-05-27 10:33:00,8.72,8.74,8.71,8.74,477200
2024-05-27 10:34:00,8.73,8.78,8.73,8.76,632500
2024-05-27 10:35:00,8.76,8.78,8.75,8.77,320000
2024-05-27 10:36:00,8.76,8.77,8.75,8.76,335400
2024-05-27 10:37:00,8.77,8.79,8.76,8.78,328500
2024-05-27 10:38:00,8.78,8.79,8.76,8.77,190400
2024-05-27 10:39:00,8.77,8.77,8.74,8.74,379100
2024-05-27 10:40:00,8.75,8.76,8.74,8.75,203400
2024-05-27 10:41:00,8.74,8.76,8.73,8.76,139000
2024-05-27 10:42:00,8.75,8.76,8.74,8.74,157700
2024-05-27 10:43:00,8.74,8.74,8.73,8.73,208000
2024-05-27 10:44:00,8.73,8.74,8.72,8.73,244300
2024-05-27 10:45:00,8.74,8.74,8.7,8.74,578000
2024-05-27 10:46:00,8.74,8.77,8.73,8.77,359200
2024-05-27 10:47:00,8.77,8.77,8.75,8.76,202600
2024-05-27 10:48:00,8.77,8.84,8.75,8.81,767500
2024-05-27 10:49:00,8.8,8.81,8.77,8.81,387600
2024-05-27 10:50:00,8.81,8.81,8.77,8.77,254400
2024-05-27 10:51:00,8.78,8.78,8.76,8.76,172700
2024-05-27 10:52:00,8.77,8.78,8.76,8.77,177500
2024-05-27 10:53:00,8.76,8.78,8.76,8.77,79600
2024-05-27 10:54:00,8.77,8.8,8.76,8.8,211300
2024-05-27 10:55:00,8.8,8.8,8.78,8.79,155600
2024-05-27 10:56:00,8.78,8.81,8.78,8.81,193000
2024-05-27 10:57:00,8.81,8.82,8.78,8.79,214800
2024-05-27 10:58:00,8.78,8.79,8.76,8.76,185500
2024-05-27 10:59:00,8.76,8.76,8.75,8.75,173400
2024-05-27 11:00:00,8.75,8.77,8.75,8.75,370700
2024-05-27 11:01:00,8.75,8.76,8.74,8.75,208300
2024-05-27 11:02:00,8.76,8.76,8.74,8.75,138800
2024-05-27 11:03:00,8.76,8.76,8.75,8.76,109400
2024-05-27 11:04:00,8.75,8.76,8.74,8.74,234200
2024-05-27 11:05:00,8.74,8.75,8.74,8.74,77900
2024-05-27 11:06:00,8.74,8.75,8.73,8.73,96800
2024-05-27 11:07:00,8.73,8.74,8.7,8.72,577900
2024-05-27 11:08:00,8.72,8.76,8.71,8.75,326048
2024-05-27 11:09:00,8.75,8.76,8.75,8.75,46600
2024-05-27 11:10:00,8.75,8.77,8.75,8.76,104600
2024-05-27 11:11:00,8.76,8.77,8.75,8.76,192000
2024-05-27 11:12:00,8.77,8.79,8.76,8.77,154300
2024-05-27 11:13:00,8.78,8.78,8.77,8.78,35200
2024-05-27 11:14:00,8.78,8.79,8.77,8.78,109500
2024-05-27 11:15:00,8.78,8.79,8.75,8.79,251800
2024-05-27 11:16:00,8.8,8.8,8.77,8.79,79900
2024-05-27 11:17:00,8.78,8.79,8.76,8.76,221700
2024-05-27 11:18:00,8.76,8.77,8.75,8.76,82600
2024-05-27 11:19:00,8.76,8.77,8.76,8.76,85600
2024-05-27 11:20:00,8.76,8.77,8.75,8.75,351700
2024-05-27 11:21:00,8.75,8.77,8.75,8.75,324900
2024-05-27 11:22:00,8.75,8.76,8.75,8.75,85000
2024-05-27 11:23:00,8.76,8.77,8.75,8.75,96900
2024-05-27 11:24:00,8.75,8.76,8.74,8.74,95300
2024-05-27 11:25:00,8.75,8.75,8.73,8.74,110500
2024-05-27 11:26:00,8.74,8.74,8.73,8.73,39300
2024-05-27 11:27:00,8.73,8.75,8.73,8.74,91700
2024-05-27 11:28:00,8.74,8.75,8.73,8.74,82200
2024-05-27 11:29:00,8.75,8.75,8.74,8.75,146700
2024-05-27 11:30:00,8.75,8.76,8.75,8.76,73600
2024-05-27 13:01:00,8.76,8.78,8.75,8.77,417200
2024-05-27 13:02:00,8.77,8.8,8.76,8.77,324700
2024-05-27 13:03:00,8.78,8.78,8.76,8.76,195300
2024-05-27 13:04:00,8.77,8.78,8.75,8.77,136700
2024-05-27 13:05:00,8.77,8.78,8.76,8.78,139900
2024-05-27 13:06:00,8.77,8.81,8.77,8.81,233500
2024-05-27 13:07:00,8.81,8.81,8.78,8.78,285000
2024-05-27 13:08:00,8.78,8.79,8.75,8.75,158700
2024-05-27 13:09:00,8.76,8.76,8.73,8.73,304300
2024-05-27 13:10:00,8.73,8.74,8.72,8.73,265500
2024-05-27 13:11:00,8.72,8.73,8.71,8.72,315500
2024-05-27 13:12:00,8.72,8.72,8.71,8.72,276000
2024-05-27 13:13:00,8.73,8.75,8.72,8.74,474700
2024-05-27 13:14:00,8.74,8.76,8.73,8.75,343100
2024-05-27 13:15:00,8.75,8.77,8.75,8.77,80900
2024-05-27 13:16:00,8.77,8.77,8.75,8.76,165900
2024-05-27 13:17:00,8.76,8.77,8.74,8.75,287300
2024-05-27 13:18:00,8.74,8.77,8.74,8.77,239700
2024-05-27 13:19:00,8.78,8.78,8.76,8.78,117200
2024-05-27 13:20:00,8.78,8.79,8.76,8.76,118600
2024-05-27 13:21:00,8.76,8.76,8.73,8.74,334600
2024-05-27 13:22:00,8.73,8.74,8.72,8.73,238800
2024-05-27 13:23:00,8.74,8.74,8.72,8.73,197400
2024-05-27 13:24:00,8.72,8.74,8.72,8.72,366300
2024-05-27 13:25:00,8.72,8.73,8.71,8.71,144900
2024-05-27 13:26:00,8.71,8.72,8.7,8.71,354200
2024-05-27 13:27:00,8.71,8.71,8.69,8.7,1021900
2024-05-27 13:28:00,8.7,8.71,8.69,8.71,417800
2024-05-27 13:29:00,8.71,8.71,8.69,8.7,222300
2024-05-27 13:30:00,8.71,8.71,8.68,8.69,507900
2024-05-27 13:31:00,8.69,8.72,8.68,8.71,630600
2024-05-27 13:32:00,8.72,8.72,8.7,8.7,149700
2024-05-27 13:33:00,8.7,8.71,8.69,8.69,248200
2024-05-27 13:34:00,8.69,8.72,8.69,8.72,258700
2024-05-27 13:35:00,8.72,8.74,8.71,8.74,212600
2024-05-27 13:36:00,8.73,8.74,8.72,8.72,176800
2024-05-27 13:37:00,8.73,8.74,8.72,8.74,121500
2024-05-27 13:38:00,8.74,8.74,8.73,8.73,52600
2024-05-27 13:39:00,8.74,8.76,8.73,8.74,483800
2024-05-27 13:40:00,8.75,8.76,8.74,8.76,65200
2024-05-27 13:41:00,8.76,8.77,8.74,8.76,401100
2024-05-27 13:42:00,8.76,8.77,8.76,8.77,111000
2024-05-27 13:43:00,8.76,8.77,8.75,8.75,155000
2024-05-27 13:44:00,8.75,8.76,8.75,8.76,156100
2024-05-27 13:45:00,8.76,8.77,8.75,8.77,216500
2024-05-27 13:46:00,8.77,8.78,8.76,8.77,631500
2024-05-27 13:47:00,8.77,8.77,8.76,8.76,76000
2024-05-27 13:48:00,8.77,8.84,8.76,8.83,1254900
2024-05-27 13:49:00,8.84,8.84,8.77,8.79,602250
2024-05-27 13:50:00,8.8,8.81,8.79,8.81,378600
2024-05-27 13:51:00,8.81,8.81,8.77,8.8,457700
2024-05-27 13:52:00,8.8,8.83,8.79,8.83,286500
2024-05-27 13:53:00,8.83,8.83,8.8,8.8,217000
2024-05-27 13:54:00,8.81,8.83,8.8,8.82,523100
2024-05-27 13:55:00,8.83,8.84,8.79,8.8,537600
2024-05-27 13:56:00,8.79,8.81,8.79,8.8,137750
2024-05-27 13:57:00,8.81,8.81,8.8,8.8,59100
2024-05-27 13:58:00,8.8,8.81,8.8,8.8,136900
2024-05-27 13:59:00,8.8,8.82,8.8,8.8,156000
2024-05-27 14:00:00,8.81,8.81,8.8,8.81,288300
2024-05-27 14:01:00,8.81,8.81,8.8,8.8,72900
2024-05-27 14:02:00,8.8,8.81,8.79,8.8,300600
2024-05-27 14:03:00,8.81,8.82,8.8,8.81,214900
2024-05-27 14:04:00,8.81,8.83,8.8,8.83,393400
2024-05-27 14:05:00,8.83,8.85,8.82,8.85,800000
2024-05-27 14:06:00,8.85,8.86,8.84,8.85,635600
2024-05-27 14:07:00,8.86,8.87,8.84,8.86,935400
2024-05-27 14:08:00,8.86,8.91,8.85,8.91,1215000
2024-05-27 14:09:00,8.9,8.92,8.87,8.91,942300
2024-05-27 14:10:00,8.9,8.91,8.89,8.9,355900
2024-05-27 14:11:00,8.9,8.91,8.89,8.89,201100
2024-05-27 14:12:00,8.9,8.9,8.88,8.88,157800
2024-05-27 14:13:00,8.88,8.9,8.88,8.9,239800
2024-05-27 14:14:00,8.9,8.9,8.88,8.89,402000
2024-05-27 14:15:00,8.89,8.89,8.86,8.86,599100
2024-05-27 14:16:00,8.86,8.87,8.85,8.85,153800
2024-05-27 14:17:00,8.86,8.87,8.85,8.86,396400
2024-05-27 14:18:00,8.85,8.86,8.84,8.84,80800
2024-05-27 14:19:00,8.85,8.86,8.84,8.84,289100
2024-05-27 14:20:00,8.84,8.88,8.83,8.87,463200
2024-05-27 14:21:00,8.87,8.89,8.86,8.89,209600
2024-05-27 14:22:00,8.88,8.89,8.87,8.88,229000
2024-05-27 14:23:00,8.87,8.88,8.87,8.87,108011
2024-05-27 14:24:00,8.88,8.89,8.87,8.88,222400
2024-05-27 14:25:00,8.88,8.89,8.87,8.88,176200
2024-05-27 14:26:00,8.89,8.89,8.88,8.88,150300
2024-05-27 14:27:00,8.88,8.89,8.86,8.86,253789
2024-05-27 14:28:00,8.87,8.87,8.86,8.87,88200
2024-05-27 14:29:00,8.87,8.88,8.86,8.86,160511
2024-05-27 14:30:00,8.87,8.88,8.86,8.88,109500
2024-05-27 14:31:00,8.87,8.93,8.87,8.92,836100
2024-05-27 14:32:00,8.92,8.92,8.89,8.9,296000
2024-05-27 14:33:00,8.9,8.92,8.9,8.91,214700
2024-05-27 14:34:00,8.91,8.93,8.9,8.93,269700
2024-05-27 14:35:00,8.93,8.93,8.92,8.92,355300
2024-05-27 14:36:00,8.91,8.92,8.9,8.9,192600
2024-05-27 14:37:00,8.91,8.92,8.9,8.9,220400
2024-05-27 14:38:00,8.91,8.95,8.9,8.95,621300
2024-05-27 14:39:00,8.95,8.96,8.93,8.95,350000
2024-05-27 14:40:00,8.95,8.95,8.93,8.93,261900
2024-05-27 14:41:00,8.94,8.94,8.92,8.93,197200
2024-05-27 14:42:00,8.92,8.93,8.91,8.93,206300
2024-05-27 14:43:00,8.93,8.93,8.91,8.91,120000
2024-05-27 14:44:00,8.91,8.92,8.9,8.91,289100
2024-05-27 14:45:00,8.92,8.92,8.9,8.91,149500
2024-05-27 14:46:00,8.92,8.92,8.91,8.91,171400
2024-05-27 14:47:00,8.92,8.92,8.9,8.91,257000
2024-05-27 14:48:00,8.9,8.92,8.9,8.91,496600
2024-05-27 14:49:00,8.92,8.92,8.9,8.92,258200
2024-05-27 14:50:00,8.92,8.92,8.91,8.91,306600
2024-05-27 14:51:00,8.91,8.92,8.9,8.9,416400
2024-05-27 14:52:00,8.91,8.92,8.9,8.92,503991
2024-05-27 14:53:00,8.92,8.92,8.9,8.91,366500
2024-05-27 14:54:00,8.91,8.92,8.9,8.9,586500
2024-05-27 14:55:00,8.9,8.93,8.9,8.92,622600
2024-05-27 14:56:00,8.92,8.94,8.92,8.93,574400
2024-05-27 14:57:00,8.92,8.94,8.91,8.92,657200
2024-05-27 15:00:00,8.91,8.91,8.91,8.91,1569900
2024-05-28 09:31:00,9.04,9.12,8.95,9.07,11222500
2024-05-28 09:32:00,9.07,9.08,8.92,8.94,2825000
2024-05-28 09:33:00,8.93,8.96,8.91,8.92,1307400
2024-05-28 09:34:00,8.93,8.93,8.82,8.83,2496702
2024-05-28 09:35:00,8.83,8.89,8.82,8.84,1350798
2024-05-28 09:36:00,8.84,8.85,8.82,8.83,1026300
2024-05-28 09:37:00,8.84,8.88,8.82,8.87,1044102
2024-05-28 09:38:00,8.86,8.93,8.85,8.92,1177600
2024-05-28 09:39:00,8.91,8.92,8.84,8.86,733500
2024-05-28 09:40:00,8.86,8.9,8.86,8.89,899300
2024-05-28 09:41:00,8.88,8.92,8.86,8.92,570400
2024-05-28 09:42:00,8.92,8.93,8.9,8.91,452700
2024-05-28 09:43:00,8.92,8.92,8.83,8.85,1030200
2024-05-28 09:44:00,8.84,8.85,8.82,8.82,955800
2024-05-28 09:45:00,8.82,8.83,8.77,8.8,1614800
2024-05-28 09:46:00,8.81,8.81,8.76,8.77,800700
2024-05-28 09:47:00,8.78,8.8,8.76,8.8,612900
2024-05-28 09:48:00,8.79,8.8,8.76,8.77,513500
2024-05-28 09:49:00,8.77,8.79,8.76,8.77,405200
2024-05-28 09:50:00,8.77,8.79,8.75,8.75,1063200
2024-05-28 09:51:00,8.75,8.8,8.74,8.75,820000
2024-05-28 09:52:00,8.76,8.78,8.73,8.74,638300
2024-05-28 09:53:00,8.74,8.74,8.67,8.71,1975700
2024-05-28 09:54:00,8.71,8.75,8.7,8.74,784600
2024-05-28 09:55:00,8.75,8.77,8.74,8.74,383400
2024-05-28 09:56:00,8.74,8.75,8.72,8.72,498800
2024-05-28 09:57:00,8.72,8.74,8.71,8.73,550100
2024-05-28 09:58:00,8.74,8.74,8.7,8.7,404700
2024-05-28 09:59:00,8.71,8.73,8.7,8.73,347600
2024-05-28 10:00:00,8.73,8.74,8.71,8.74,344800
2024-05-28 10:01:00,8.74,8.74,8.71,8.73,515100
2024-05-28 10:02:00,8.73,8.76,8.71,8.74,701500
2024-05-28 10:03:00,8.74,8.8,8.72,8.8,766000
2024-05-28 10:04:00,8.8,8.82,8.77,8.82,348300
2024-05-28 10:05:00,8.81,8.83,8.79,8.81,660400
2024-05-28 10:06:00,8.8,8.81,8.79,8.79,376400
2024-05-28 10:07:00,8.79,8.83,8.78,8.82,255400
2024-05-28 10:08:00,8.82,8.83,8.79,8.79,289800
2024-05-28 10:09:00,8.79,8.8,8.79,8.79,133100
2024-05-28 10:10:00,8.79,8.8,8.78,8.79,121800
2024-05-28 10:11:00,8.78,8.81,8.78,8.81,284100
2024-05-28 10:12:00,8.81,8.83,8.8,8.82,208800
2024-05-28 10:13:00,8.82,8.82,8.78,8.79,306000
2024-05-28 10:14:00,8.79,8.8,8.78,8.79,286800
2024-05-28 10:15:00,8.8,8.81,8.78,8.8,88100
2024-05-28 10:16:00,8.8,8.82,8.79,8.8,201100
2024-05-28 10:17:00,8.79,8.82,8.78,8.81,202600
2024-05-28 10:18:00,8.81,8.82,8.79,8.81,220400
2024-05-28 10:19:00,8.81,8.81,8.79,8.79,243700
2024-05-28 10:20:00,8.79,8.81,8.78,8.78,198900
2024-05-28 10:21:00,8.79,8.8,8.78,8.8,84800
2024-05-28 10:22:00,8.79,8.81,8.78,8.79,223100
2024-05-28 10:23:00,8.79,8.8,8.77,8.78,217500
2024-05-28 10:24:00,8.78,8.8,8.76,8.76,153100
2024-05-28 10:25:00,8.76,8.77,8.75,8.75,252200
2024-05-28 10:26:00,8.74,8.75,8.73,8.74,483100
2024-05-28 10:27:00,8.74,8.75,8.72,8.72,269200
2024-05-28 10:28:00,8.72,8.74,8.72,8.73,349100
2024-05-28 10:29:00,8.73,8.74,8.72,8.73,180200
2024-05-28 10:30:00,8.73,8.75,8.73,8.74,144300
2024-05-28 10:31:00,8.73,8.74,8.72,8.73,170600
2024-05-28 10:32:00,8.74,8.74,8.72,8.73,173900
2024-05-28 10:33:00,8.73,8.74,8.72,8.73,205200
2024-05-28 10:34:00,8.74,8.75,8.73,8.75,139400
2024-05-28 10:35:00,8.74,8.76,8.74,8.75,158400
2024-05-28 10:36:00,8.75,8.75,8.74,8.74,73800
2024-05-28 10:37:00,8.73,8.74,8.71,8.72,383800
2024-05-28 10:38:00,8.72,8.73,8.71,8.71,95700
2024-05-28 10:39:00,8.72,8.73,8.71,8.71,280300
2024-05-28 10:40:00,8.72,8.74,8.7,8.73,338700
2024-05-28 10:41:00,8.73,8.74,8.72,8.73,105300
2024-05-28 10:42:00,8.73,8.73,8.71,8.71,73000
2024-05-28 10:43:00,8.72,8.72,8.7,8.71,279400
2024-05-28 10:44:00,8.71,8.72,8.7,8.71,360500
2024-05-28 10:45:00,8.71,8.72,8.7,8.71,223400
2024-05-28 10:46:00,8.7,8.73,8.7,8.71,179600
2024-05-28 10:47:00,8.72,8.75,8.71,8.73,193300
2024-05-28 10:48:00,8.74,8.75,8.73,8.74,149900
2024-05-28 10:49:00,8.74,8.75,8.72,8.73,314500
2024-05-28 10:50:00,8.73,8.77,8.73,8.76,389400
2024-05-28 10:51:00,8.75,8.76,8.72,8.72,399400
2024-05-28 10:52:00,8.72,8.75,8.71,8.72,360000
2024-05-28 10:53:00,8.71,8.72,8.68,8.68,649000
2024-05-28 10:54:00,8.69,8.7,8.68,8.69,690000
2024-05-28 10:55:00,8.69,8.71,8.69,8.69,219400
2024-05-28 10:56:00,8.7,8.73,8.69,8.71,672800
2024-05-28 10:57:00,8.72,8.72,8.71,8.71,74600
2024-05-28 10:58:00,8.71,8.73,8.71,8.72,88200
2024-05-28 10:59:00,8.73,8.73,8.71,8.71,79100
2024-05-28 11:00:00,8.71,8.72,8.7,8.7,129200
2024-05-28 11:01:00,8.71,8.72,8.7,8.72,109100
2024-05-28 11:02:00,8.71,8.71,8.7,8.7,172200
2024-05-28 11:03:00,8.7,8.71,8.69,8.69,115100
2024-05-28 11:04:00,8.7,8.7,8.68,8.68,459800
2024-05-28 11:05:00,8.68,8.69,8.66,8.67,580900
2024-05-28 11:06:00,8.67,8.67,8.64,8.65,1070200
2024-05-28 11:07:00,8.65,8.67,8.65,8.65,238600
2024-05-28 11:08:00,8.65,8.67,8.65,8.67,374000
2024-05-28 11:09:00,8.67,8.67,8.65,8.65,401900
2024-05-28 11:10:00,8.65,8.67,8.64,8.66,463100
2024-05-28 11:11:00,8.66,8.68,8.66,8.68,142900
2024-05-28 11:12:00,8.68,8.68,8.67,8.67,71300
2024-05-28 11:13:00,8.67,8.68,8.66,8.67,597800
2024-05-28 11:14:00,8.67,8.68,8.66,8.67,226700
2024-05-28 11:15:00,8.68,8.68,8.66,8.66,153700
2024-05-28 11:16:00,8.67,8.68,8.66,8.68,295900
2024-05-28 11:17:00,8.68,8.69,8.67,8.68,138000
2024-05-28 11:18:00,8.68,8.69,8.67,8.69,75400
2024-05-28 11:19:00,8.68,8.69,8.67,8.68,77900
2024-05-28 11:20:00,8.68,8.68,8.65,8.65,221900
2024-05-28 11:21:00,8.65,8.67,8.64,8.67,443000
2024-05-28 11:22:00,8.66,8.67,8.65,8.67,246400
2024-05-28 11:23:00,8.66,8.67,8.66,8.66,126100
2024-05-28 11:24:00,8.66,8.67,8.65,8.66,307600
2024-05-28 11:25:00,8.66,8.67,8.65,8.66,219400
2024-05-28 11:26:00,8.67,8.68,8.66,8.66,115200
2024-05-28 11:27:00,8.66,8.68,8.66,8.67,103100
2024-05-28 11:28:00,8.67,8.69,8.67,8.68,132100
2024-05-28 11:29:00,8.68,8.7,8.68,8.68,90300
2024-05-28 11:30:00,8.68,8.69,8.67,8.68,77000
2024-05-28 13:01:00,8.68,8.68,8.66,8.68,395400
2024-05-28 13:02:00,8.67,8.68,8.66,8.67,153500
2024-05-28 13:03:00,8.67,8.68,8.66,8.67,55200
2024-05-28 13:04:00,8.67,8.68,8.66,8.66,133900
2024-05-28 13:05:00,8.67,8.67,8.65,8.66,334100
2024-05-28 13:06:00,8.67,8.67,8.65,8.66,122200
2024-05-28 13:07:00,8.66,8.67,8.65,8.65,138600
2024-05-28 13:08:00,8.65,8.67,8.64,8.67,213400
2024-05-28 13:09:00,8.67,8.69,8.66,8.68,244000
2024-05-28 13:10:00,8.69,8.72,8.68,8.72,152400
2024-05-28 13:11:00,8.72,8.73,8.71,8.72,214000
2024-05-28 13:12:00,8.73,8.75,8.71,8.71,219300
2024-05-28 13:13:00,8.71,8.72,8.7,8.71,281700
2024-05-28 13:14:00,8.71,8.72,8.7,8.71,84700
2024-05-28 13:15:00,8.7,8.73,8.69,8.71,213500
2024-05-28 13:16:00,8.7,8.71,8.68,8.68,131400
2024-05-28 13:17:00,8.68,8.69,8.66,8.68,293200
2024-05-28 13:18:00,8.68,8.68,8.66,8.67,388300
2024-05-28 13:19:00,8.67,8.68,8.66,8.66,87700
2024-05-28 13:20:00,8.66,8.68,8.66,8.68,93800
2024-05-28 13:21:00,8.68,8.68,8.66,8.67,50600
2024-05-28 13:22:00,8.66,8.67,8.66,8.67,157100
2024-05-28 13:23:00,8.67,8.67,8.66,8.67,87100
2024-05-28 13:24:00,8.67,8.67,8.66,8.67,102400
2024-05-28 13:25:00,8.67,8.68,8.65,8.67,136600
2024-05-28 13:26:00,8.66,8.67,8.65,8.65,91900
2024-05-28 13:27:00,8.65,8.71,8.65,8.7,458100
2024-05-28 13:28:00,8.69,8.7,8.68,8.69,83600
2024-05-28 13:29:00,8.69,8.7,8.68,8.7,92100
2024-05-28 13:30:00,8.69,8.7,8.68,8.7,104000
2024-05-28 13:31:00,8.69,8.69,8.65,8.66,174100
2024-05-28 13:32:00,8.66,8.68,8.66,8.68,94200
2024-05-28 13:33:00,8.68,8.69,8.67,8.69,120800
2024-05-28 13:34:00,8.69,8.69,8.67,8.68,131200
2024-05-28 13:35:00,8.68,8.71,8.67,8.71,404100
2024-05-28 13:36:00,8.71,8.71,8.69,8.71,102900
2024-05-28 13:37:00,8.7,8.71,8.68,8.69,116700
2024-05-28 13:38:00,8.7,8.7,8.69,8.7,58800
2024-05-28 13:39:00,8.69,8.7,8.68,8.68,68700
2024-05-28 13:40:00,8.69,8.71,8.69,8.7,102000
2024-05-28 13:41:00,8.69,8.7,8.67,8.69,303200
2024-05-28 13:42:00,8.68,8.69,8.68,8.68,62600
2024-05-28 13:43:00,8.69,8.69,8.67,8.67,90100
2024-05-28 13:44:00,8.67,8.68,8.66,8.68,232900
2024-05-28 13:45:00,8.68,8.74,8.67,8.73,1068900
2024-05-28 13:46:00,8.73,8.73,8.7,8.71,197600
2024-05-28 13:47:00,8.71,8.72,8.7,8.71,68300
2024-05-28 13:48:00,8.71,8.74,8.7,8.74,364000
2024-05-28 13:49:00,8.74,8.74,8.69,8.72,451100
2024-05-28 13:50:00,8.72,8.73,8.71,8.72,103600
2024-05-28 13:51:00,8.72,8.72,8.7,8.7,99100
2024-05-28 13:52:00,8.71,8.71,8.68,8.69,79400
2024-05-28 13:53:00,8.69,8.69,8.67,8.67,165900
2024-05-28 13:54:00,8.67,8.68,8.65,8.66,261600
2024-05-28 13:55:00,8.66,8.66,8.65,8.65,148500
2024-05-28 13:56:00,8.65,8.66,8.63,8.65,642800
2024-05-28 13:57:00,8.65,8.66,8.64,8.64,122100
2024-05-28 13:58:00,8.64,8.66,8.64,8.64,157500
2024-05-28 13:59:00,8.65,8.65,8.63,8.64,216400
2024-05-28 14:00:00,8.65,8.66,8.64,8.65,124300
2024-05-28 14:01:00,8.65,8.66,8.65,8.66,123900
2024-05-28 14:02:00,8.65,8.65,8.62,8.64,609100
2024-05-28 14:03:00,8.64,8.64,8.6,8.62,1394500
2024-05-28 14:04:00,8.63,8.63,8.61,8.62,313200
2024-05-28 14:05:00,8.62,8.63,8.61,8.62,215700
2024-05-28 14:06:00,8.62,8.63,8.61,8.62,460200
2024-05-28 14:07:00,8.62,8.63,8.61,8.61,199600
2024-05-28 14:08:00,8.62,8.62,8.59,8.61,603800
2024-05-28 14:09:00,8.62,8.63,8.6,8.62,386900
2024-05-28 14:10:00,8.62,8.63,8.61,8.61,265900
2024-05-28 14:11:00,8.61,8.62,8.6,8.61,523500
2024-05-28 14:12:00,8.6,8.61,8.6,8.6,165100
2024-05-28 14:13:00,8.6,8.62,8.6,8.6,270400
2024-05-28 14:14:00,8.6,8.61,8.6,8.6,121000
2024-05-28 14:15:00,8.61,8.63,8.6,8.61,338400
2024-05-28 14:16:00,8.61,8.62,8.6,8.61,100100
2024-05-28 14:17:00,8.61,8.61,8.59,8.6,202600
2024-05-28 14:18:00,8.6,8.64,8.59,8.63,297800
2024-05-28 14:19:00,8.63,8.64,8.61,8.61,97800
2024-05-28 14:20:00,8.61,8.62,8.59,8.6,457300
2024-05-28 14:21:00,8.61,8.61,8.59,8.6,154600
2024-05-28 14:22:00,8.6,8.61,8.59,8.6,131500
2024-05-28 14:23:00,8.6,8.6,8.59,8.59,96500
2024-05-28 14:24:00,8.6,8.6,8.59,8.59,164400
2024-05-28 14:25:00,8.59,8.6,8.59,8.6,363600
2024-05-28 14:26:00,8.6,8.62,8.59,8.6,591700
2024-05-28 14:27:00,8.6,8.61,8.59,8.6,151600
2024-05-28 14:28:00,8.6,8.6,8.59,8.59,300800
2024-05-28 14:29:00,8.59,8.61,8.58,8.6,381300
2024-05-28 14:30:00,8.6,8.6,8.58,8.58,416200
2024-05-28 14:31:00,8.58,8.62,8.58,8.61,721700
2024-05-28 14:32:00,8.61,8.61,8.59,8.59,378200
2024-05-28 14:33:00,8.59,8.61,8.59,8.59,112800
2024-05-28 14:34:00,8.6,8.6,8.59,8.59,135400
2024-05-28 14:35:00,8.6,8.6,8.58,8.58,117800
2024-05-28 14:36:00,8.59,8.6,8.59,8.59,152200
2024-05-28 14:37:00,8.6,8.6,8.59,8.59,133300
2024-05-28 14:38:00,8.59,8.6,8.58,8.59,201500
2024-05-28 14:39:00,8.59,8.59,8.57,8.58,545100
2024-05-28 14:40:00,8.57,8.58,8.56,8.57,479300
2024-05-28 14:41:00,8.57,8.58,8.57,8.57,258050
2024-05-28 14:42:00,8.57,8.58,8.56,8.57,460200
2024-05-28 14:43:00,8.57,8.57,8.55,8.56,657500
2024-05-28 14:44:00,8.56,8.57,8.56,8.56,215800
2024-05-28 14:45:00,8.57,8.59,8.56,8.58,542700
2024-05-28 14:46:00,8.58,8.59,8.58,8.58,183200
2024-05-28 14:47:00,8.58,8.59,8.57,8.57,267900
2024-05-28 14:48:00,8.57,8.59,8.57,8.58,334600
2024-05-28 14:49:00,8.58,8.59,8.58,8.58,125300
2024-05-28 14:50:00,8.59,8.59,8.57,8.59,372100
2024-05-28 14:51:00,8.59,8.59,8.57,8.58,621000
2024-05-28 14:52:00,8.58,8.59,8.57,8.58,661300
2024-05-28 14:53:00,8.59,8.59,8.57,8.57,291400
2024-05-28 14:54:00,8.57,8.58,8.55,8.57,1459800
2024-05-28 14:55:00,8.57,8.57,8.56,8.56,607800
2024-05-28 14:56:00,8.56,8.57,8.54,8.55,1172400
2024-05-28 14:57:00,8.55,8.56,8.54,8.55,1695600
2024-05-28 15:00:00,8.59,8.59,8.59,8.59,2406100
2024-05-29 09:31:00,8.61,8.67,8.59,8.62,3178500
2024-05-29 09:32:00,8.62,8.65,8.6,8.63,909100
2024-05-29 09:33:00,8.63,8.64,8.58,8.61,1099300
2024-05-29 09:34:00,8.6,8.67,8.59,8.64,1380842
2024-05-29 09:35:00,8.64,8.68,8.62,8.67,1169500
2024-05-29 09:36:00,8.67,8.69,8.66,8.69,1392600
2024-05-29 09:37:00,8.69,8.75,8.68,8.7,2475400
2024-05-29 09:38:00,8.7,8.75,8.7,8.74,1857500
2024-05-29 09:39:00,8.74,8.75,8.7,8.72,1467600
2024-05-29 09:40:00,8.72,8.74,8.68,8.74,1316100
2024-05-29 09:41:00,8.74,8.74,8.72,8.73,1248900
2024-05-29 09:42:00,8.72,8.79,8.72,8.77,2807100
2024-05-29 09:43:00,8.77,8.79,8.73,8.73,1799200
2024-05-29 09:44:00,8.73,8.76,8.72,8.76,820200
2024-05-29 09:45:00,8.76,8.81,8.75,8.77,1863500
2024-05-29 09:46:00,8.77,8.78,8.73,8.75,1180200
2024-05-29 09:47:00,8.75,8.79,8.75,8.79,657600
2024-05-29 09:48:00,8.79,8.79,8.74,8.77,1566500
2024-05-29 09:49:00,8.77,8.79,8.75,8.79,1526100
2024-05-29 09:50:00,8.79,8.81,8.77,8.77,1485200
2024-05-29 09:51:00,8.78,8.78,8.7,8.71,1390600
2024-05-29 09:52:00,8.71,8.74,8.7,8.73,492300
2024-05-29 09:53:00,8.74,8.74,8.71,8.72,658100
2024-05-29 09:54:00,8.73,8.73,8.67,8.7,971100
2024-05-29 09:55:00,8.69,8.71,8.68,8.69,553100
2024-05-29 09:56:00,8.69,8.7,8.66,8.67,642300
2024-05-29 09:57:00,8.66,8.67,8.63,8.67,689900
2024-05-29 09:58:00,8.67,8.69,8.65,8.67,501900
2024-05-29 09:59:00,8.68,8.7,8.66,8.69,532400
2024-05-29 10:00:00,8.69,8.7,8.67,8.69,349300
2024-05-29 10:01:00,8.68,8.72,8.68,8.7,733200
2024-05-29 10:02:00,8.7,8.71,8.69,8.71,258400
2024-05-29 10:03:00,8.71,8.72,8.67,8.67,499300
2024-05-29 10:04:00,8.67,8.68,8.63,8.63,692500
2024-05-29 10:05:00,8.63,8.67,8.63,8.64,266600
2024-05-29 10:06:00,8.64,8.67,8.63,8.67,273000
2024-05-29 10:07:00,8.66,8.67,8.65,8.67,192700
2024-05-29 10:08:00,8.66,8.68,8.65,8.66,304300
2024-05-29 10:09:00,8.66,8.67,8.66,8.66,156600
2024-05-29 10:10:00,8.66,8.67,8.6,8.65,1351000
2024-05-29 10:11:00,8.65,8.68,8.65,8.68,284800
2024-05-29 10:12:00,8.68,8.69,8.67,8.69,204600
2024-05-29 10:13:00,8.69,8.7,8.68,8.69,272800
2024-05-29 10:14:00,8.69,8.71,8.68,8.68,280700
2024-05-29 10:15:00,8.68,8.68,8.66,8.67,143900
2024-05-29 10:16:00,8.67,8.69,8.66,8.66,201700
2024-05-29 10:17:00,8.67,8.67,8.66,8.66,112700
2024-05-29 10:18:00,8.66,8.67,8.64,8.64,344000
2024-05-29 10:19:00,8.65,8.65,8.63,8.65,210900
2024-05-29 10:20:00,8.65,8.65,8.63,8.65,132400
2024-05-29 10:21:00,8.65,8.65,8.62,8.63,401900
2024-05-29 10:22:00,8.63,8.64,8.6,8.61,979200
2024-05-29 10:23:00,8.61,8.62,8.6,8.61,423600
2024-05-29 10:24:00,8.61,8.62,8.61,8.61,175200
2024-05-29 10:25:00,8.61,8.63,8.6,8.63,265400
2024-05-29 10:26:00,8.63,8.66,8.62,8.66,349400
2024-05-29 10:27:00,8.66,8.68,8.64,8.67,223600
2024-05-29 10:28:00,8.66,8.67,8.65,8.67,135300
2024-05-29 10:29:00,8.66,8.68,8.66,8.67,62800
2024-05-29 10:30:00,8.67,8.68,8.66,8.68,143600
2024-05-29 10:31:00,8.68,8.68,8.66,8.67,68100
2024-05-29 10:32:00,8.66,8.67,8.64,8.65,234400
2024-05-29 10:33:00,8.65,8.66,8.64,8.65,155400
2024-05-29 10:34:00,8.64,8.66,8.63,8.64,205200
2024-05-29 10:35:00,8.64,8.64,8.62,8.63,192600
2024-05-29 10:36:00,8.64,8.64,8.62,8.64,207100
2024-05-29 10:37:00,8.64,8.64,8.62,8.62,175200
2024-05-29 10:38:00,8.63,8.63,8.61,8.61,133200
2024-05-29 10:39:00,8.62,8.63,8.61,8.63,183400
2024-05-29 10:40:00,8.63,8.63,8.61,8.61,166000
2024-05-29 10:41:00,8.61,8.63,8.61,8.63,161200
2024-05-29 10:42:00,8.63,8.63,8.61,8.61,80700
2024-05-29 10:43:00,8.62,8.63,8.61,8.61,83100
2024-05-29 10:44:00,8.62,8.63,8.61,8.62,164900
2024-05-29 10:45:00,8.62,8.64,8.61,8.63,163500
2024-05-29 10:46:00,8.63,8.64,8.63,8.64,41700
2024-05-29 10:47:00,8.64,8.64,8.62,8.62,165700
2024-05-29 10:48:00,8.63,8.63,8.62,8.62,63700
2024-05-29 10:49:00,8.62,8.63,8.61,8.61,200600
2024-05-29 10:50:00,8.61,8.62,8.61,8.61,71500
2024-05-29 10:51:00,8.61,8.62,8.6,8.61,142800
2024-05-29 10:52:00,8.61,8.61,8.6,8.61,301100
2024-05-29 10:53:00,8.61,8.63,8.61,8.62,138300
2024-05-29 10:54:00,8.62,8.63,8.6,8.61,63500
2024-05-29 10:55:00,8.62,8.62,8.61,8.62,40600
2024-05-29 10:56:00,8.62,8.62,8.6,8.61,93000
2024-05-29 10:57:00,8.62,8.63,8.61,8.63,76200
2024-05-29 10:58:00,8.63,8.63,8.62,8.63,40500
2024-05-29 10:59:00,8.62,8.64,8.61,8.63,250000
2024-05-29 11:00:00,8.64,8.66,8.63,8.65,230300
2024-05-29 11:01:00,8.65,8.66,8.64,8.64,143400
2024-05-29 11:02:00,8.65,8.65,8.63,8.64,133100
2024-05-29 11:03:00,8.65,8.65,8.63,8.64,78800
2024-05-29 11:04:00,8.63,8.64,8.63,8.63,57500
2024-05-29 11:05:00,8.64,8.65,8.63,8.64,160900
2024-05-29 11:06:00,8.64,8.7,8.63,8.67,596100
2024-05-29 11:07:00,8.67,8.7,8.65,8.7,346700
2024-05-29 11:08:00,8.7,8.71,8.67,8.68,229000
2024-05-29 11:09:00,8.68,8.7,8.67,8.7,292400
2024-05-29 11:10:00,8.7,8.75,8.69,8.73,657800
2024-05-29 11:11:00,8.73,8.76,8.71,8.74,1674700
2024-05-29 11:12:00,8.74,8.87,8.73,8.83,4337300
2024-05-29 11:13:00,8.83,8.83,8.78,8.78,1277200
2024-05-29 11:14:00,8.79,8.81,8.77,8.79,1091200
2024-05-29 11:15:00,8.79,8.82,8.76,8.79,1684400
2024-05-29 11:16:00,8.8,8.8,8.76,8.79,846700
2024-05-29 11:17:00,8.79,8.82,8.76,8.76,408200
2024-05-29 11:18:00,8.77,8.78,8.77,8.77,198100
2024-05-29 11:19:00,8.77,8.77,8.75,8.75,489900
2024-05-29 11:20:00,8.75,8.76,8.74,8.76,103200
2024-05-29 11:21:00,8.75,8.8,8.73,8.76,708300
2024-05-29 11:22:00,8.76,8.79,8.76,8.76,145200
2024-05-29 11:23:00,8.77,8.83,8.76,8.81,851200
2024-05-29 11:24:00,8.81,8.82,8.77,8.79,187800
2024-05-29 11:25:00,8.78,8.8,8.77,8.78,205600
2024-05-29 11:26:00,8.78,8.79,8.75,8.76,191600
2024-05-29 11:27:00,8.76,8.77,8.75,8.75,70200
2024-05-29 11:28:00,8.75,8.76,8.73,8.73,179000
2024-05-29 11:29:00,8.74,8.75,8.73,8.74,195200
2024-05-29 11:30:00,8.75,8.75,8.74,8.74,116500
2024-05-29 13:01:00,8.74,8.75,8.68,8.69,540500
2024-05-29 13:02:00,8.69,8.7,8.68,8.7,254000
2024-05-29 13:03:00,8.69,8.71,8.69,8.7,233400
2024-05-29 13:04:00,8.7,8.7,8.69,8.7,93200
2024-05-29 13:05:00,8.69,8.69,8.67,8.68,247000
2024-05-29 13:06:00,8.69,8.73,8.68,8.72,607300
2024-05-29 13:07:00,8.72,8.74,8.71,8.71,234600
2024-05-29 13:08:00,8.72,8.72,8.7,8.71,95600
2024-05-29 13:09:00,8.71,8.73,8.71,8.72,81300
2024-05-29 13:10:00,8.72,8.73,8.71,8.73,123400
2024-05-29 13:11:00,8.72,8.73,8.71,8.71,246800
2024-05-29 13:12:00,8.71,8.74,8.71,8.74,196700
2024-05-29 13:13:00,8.74,8.74,8.72,8.73,96200
2024-05-29 13:14:00,8.72,8.73,8.72,8.72,157500
2024-05-29 13:15:00,8.72,8.73,8.71,8.72,35200
2024-05-29 13:16:00,8.71,8.71,8.7,8.7,364100
2024-05-29 13:17:00,8.7,8.71,8.69,8.7,310400
2024-05-29 13:18:00,8.7,8.71,8.7,8.7,43200
2024-05-29 13:19:00,8.7,8.71,8.69,8.7,125100
2024-05-29 13:20:00,8.69,8.7,8.68,8.69,219200
2024-05-29 13:21:00,8.69,8.7,8.69,8.69,148600
2024-05-29 13:22:00,8.7,8.7,8.69,8.69,200600
2024-05-29 13:23:00,8.69,8.7,8.68,8.68,147800
2024-05-29 13:24:00,8.68,8.69,8.68,8.68,107500
2024-05-29 13:25:00,8.68,8.7,8.68,8.69,133900
2024-05-29 13:26:00,8.69,8.7,8.69,8.69,60400
2024-05-29 13:27:00,8.69,8.7,8.69,8.69,48500
2024-05-29 13:28:00,8.69,8.7,8.68,8.69,88600
2024-05-29 13:29:00,8.69,8.69,8.68,8.69,108500
2024-05-29 13:30:00,8.69,8.7,8.68,8.69,116100
2024-05-29 13:31:00,8.68,8.7,8.68,8.69,39100
2024-05-29 13:32:00,8.69,8.72,8.68,8.71,329300
2024-05-29 13:33:00,8.71,8.72,8.7,8.71,75300
2024-05-29 13:34:00,8.7,8.71,8.69,8.7,131600
2024-05-29 13:35:00,8.7,8.71,8.69,8.7,137800
2024-05-29 13:36:00,8.7,8.71,8.7,8.7,149300
2024-05-29 13:37:00,8.7,8.71,8.7,8.7,263500
2024-05-29 13:38:00,8.7,8.7,8.68,8.69,247900
2024-05-29 13:39:00,8.69,8.69,8.68,8.68,22500
2024-05-29 13:40:00,8.68,8.69,8.67,8.67,233700
2024-05-29 13:41:00,8.67,8.68,8.67,8.68,163200
2024-05-29 13:42:00,8.68,8.69,8.67,8.67,156646
2024-05-29 13:43:00,8.67,8.68,8.67,8.67,205600
2024-05-29 13:44:00,8.67,8.68,8.66,8.66,81900
2024-05-29 13:45:00,8.67,8.67,8.66,8.67,344000
2024-05-29 13:46:00,8.67,8.68,8.67,8.68,172100
2024-05-29 13:47:00,8.68,8.69,8.67,8.69,101500
2024-05-29 13:48:00,8.69,8.7,8.68,8.69,64100
2024-05-29 13:49:00,8.68,8.69,8.68,8.69,29600
2024-05-29 13:50:00,8.69,8.69,8.68,8.68,38400
2024-05-29 13:51:00,8.69,8.69,8.66,8.67,353200
2024-05-29 13:52:00,8.67,8.68,8.66,8.66,45500
2024-05-29 13:53:00,8.66,8.67,8.64,8.64,175000
2024-05-29 13:54:00,8.65,8.66,8.65,8.66,58400
2024-05-29 13:55:00,8.65,8.67,8.65,8.66,65500
2024-05-29 13:56:00,8.66,8.67,8.64,8.66,228900
2024-05-29 13:57:00,8.66,8.66,8.65,8.65,48000
2024-05-29 13:58:00,8.65,8.66,8.64,8.65,136700
2024-05-29 13:59:00,8.65,8.66,8.64,8.64,128500
2024-05-29 14:00:00,8.65,8.66,8.64,8.64,224100
2024-05-29 14:01:00,8.64,8.64,8.63,8.63,130900
2024-05-29 14:02:00,8.63,8.64,8.63,8.64,86200
2024-05-29 14:03:00,8.63,8.64,8.62,8.64,229500
2024-05-29 14:04:00,8.64,8.65,8.63,8.65,92300
2024-05-29 14:05:00,8.65,8.66,8.64,8.65,139200
2024-05-29 14:06:00,8.65,8.66,8.64,8.65,155900
2024-05-29 14:07:00,8.65,8.65,8.64,8.64,62700
2024-05-29 14:08:00,8.65,8.66,8.64,8.65,94000
2024-05-29 14:09:00,8.66,8.67,8.65,8.67,253000
2024-05-29 14:10:00,8.66,8.67,8.65,8.65,108500
2024-05-29 14:11:00,8.65,8.68,8.65,8.66,198200
2024-05-29 14:12:00,8.67,8.69,8.66,8.69,189100
2024-05-29 14:13:00,8.68,8.69,8.66,8.67,133700
2024-05-29 14:14:00,8.66,8.68,8.66,8.67,107300
2024-05-29 14:15:00,8.67,8.68,8.67,8.67,79400
2024-05-29 14:16:00,8.67,8.69,8.66,8.69,186800
2024-05-29 14:17:00,8.69,8.7,8.68,8.69,122800
2024-05-29 14:18:00,8.68,8.69,8.68,8.68,73600
2024-05-29 14:19:00,8.68,8.69,8.67,8.68,62400
2024-05-29 14:20:00,8.69,8.69,8.67,8.67,167300
2024-05-29 14:21:00,8.68,8.68,8.67,8.68,81200
2024-05-29 14:22:00,8.68,8.69,8.67,8.68,77800
2024-05-29 14:23:00,8.69,8.71,8.68,8.7,306800
2024-05-29 14:24:00,8.71,8.71,8.69,8.69,125400
2024-05-29 14:25:00,8.7,8.71,8.69,8.7,86700
2024-05-29 14:26:00,8.7,8.7,8.69,8.7,123600
2024-05-29 14:27:00,8.69,8.71,8.69,8.7,101400
2024-05-29 14:28:00,8.69,8.7,8.69,8.7,23900
2024-05-29 14:29:00,8.69,8.7,8.69,8.7,34700
2024-05-29 14:30:00,8.7,8.7,8.69,8.7,71800
2024-05-29 14:31:00,8.7,8.72,8.7,8.71,374800
2024-05-29 14:32:00,8.71,8.75,8.7,8.7,373000
2024-05-29 14:33:00,8.71,8.71,8.69,8.69,91700
2024-05-29 14:34:00,8.69,8.7,8.67,8.68,189200
2024-05-29 14:35:00,8.69,8.69,8.67,8.69,126600
2024-05-29 14:36:00,8.68,8.69,8.67,8.68,85300
2024-05-29 14:37:00,8.68,8.69,8.68,8.68,102800
2024-05-29 14:38:00,8.68,8.69,8.66,8.67,184200
2024-05-29 14:39:00,8.66,8.68,8.66,8.68,92700
2024-05-29 14:40:00,8.68,8.68,8.67,8.68,114700
2024-05-29 14:41:00,8.68,8.68,8.67,8.68,133500
2024-05-29 14:42:00,8.67,8.68,8.66,8.67,227900
2024-05-29 14:43:00,8.67,8.68,8.66,8.67,172000
2024-05-29 14:44:00,8.67,8.68,8.66,8.66,93300
2024-05-29 14:45:00,8.66,8.68,8.66,8.68,208100
2024-05-29 14:46:00,8.67,8.69,8.67,8.68,244500
2024-05-29 14:47:00,8.68,8.69,8.67,8.68,163400
2024-05-29 14:48:00,8.68,8.69,8.67,8.68,175800
2024-05-29 14:49:00,8.69,8.7,8.68,8.7,197500
2024-05-29 14:50:00,8.7,8.71,8.69,8.7,364500
2024-05-29 14:51:00,8.71,8.72,8.69,8.7,454700
2024-05-29 14:52:00,8.7,8.73,8.7,8.72,612900
2024-05-29 14:53:00,8.72,8.72,8.71,8.72,429800
2024-05-29 14:54:00,8.72,8.73,8.71,8.73,288500
2024-05-29 14:55:00,8.72,8.73,8.72,8.73,514400
2024-05-29 14:56:00,8.73,8.73,8.7,8.71,694100
2024-05-29 14:57:00,8.72,8.74,8.7,8.72,1031900
2024-05-29 15:00:00,8.68,8.68,8.68,8.68,1053300
2024-05-30 09:31:00,8.61,8.68,8.6,8.61,3279600
2024-05-30 09:32:00,8.62,8.69,8.61,8.67,1250200
2024-05-30 09:33:00,8.67,8.72,8.66,8.69,1777400
2024-05-30 09:34:00,8.7,8.72,8.65,8.66,1273700
2024-05-30 09:35:00,8.67,8.68,8.62,8.62,1464900
2024-05-30 09:36:00,8.63,8.68,8.62,8.62,1019000
2024-05-30 09:37:00,8.62,8.64,8.56,8.57,1859558
2024-05-30 09:38:00,8.58,8.66,8.57,8.6,964397
2024-05-30 09:39:00,8.61,8.61,8.55,8.55,872603
2024-05-30 09:40:00,8.56,8.58,8.54,8.56,1017500
2024-05-30 09:41:00,8.56,8.59,8.53,8.55,1230100
2024-05-30 09:42:00,8.55,8.56,8.5,8.54,2245642
2024-05-30 09:43:00,8.55,8.59,8.54,8.55,853200
2024-05-30 09:44:00,8.56,8.57,8.5,8.51,523900
2024-05-30 09:45:00,8.5,8.55,8.5,8.53,568400
2024-05-30 09:46:00,8.52,8.55,8.51,8.53,459500
2024-05-30 09:47:00,8.54,8.56,8.52,8.56,561200
2024-05-30 09:48:00,8.56,8.59,8.55,8.58,243400
2024-05-30 09:49:00,8.58,8.62,8.57,8.6,292500
2024-05-30 09:50:00,8.6,8.6,8.55,8.56,342800
2024-05-30 09:51:00,8.55,8.56,8.52,8.54,715900
2024-05-30 09:52:00,8.54,8.57,8.54,8.55,262500
2024-05-30 09:53:00,8.56,8.6,8.55,8.58,411000
2024-05-30 09:54:00,8.58,8.59,8.54,8.54,361200
2024-05-30 09:55:00,8.54,8.56,8.53,8.54,317100
2024-05-30 09:56:00,8.53,8.54,8.5,8.51,929900
2024-05-30 09:57:00,8.51,8.52,8.5,8.51,339400
2024-05-30 09:58:00,8.5,8.51,8.49,8.5,574700
2024-05-30 09:59:00,8.49,8.5,8.48,8.48,881300
2024-05-30 10:00:00,8.49,8.53,8.48,8.52,445900
2024-05-30 10:01:00,8.52,8.53,8.51,8.52,277900
2024-05-30 10:02:00,8.52,8.52,8.48,8.49,488800
2024-05-30 10:03:00,8.49,8.51,8.48,8.5,721400
2024-05-30 10:04:00,8.5,8.5,8.47,8.47,401400
2024-05-30 10:05:00,8.47,8.49,8.46,8.49,579400
2024-05-30 10:06:00,8.49,8.49,8.46,8.46,452100
2024-05-30 10:07:00,8.47,8.51,8.46,8.51,607800
2024-05-30 10:08:00,8.51,8.52,8.48,8.49,570100
2024-05-30 10:09:00,8.48,8.49,8.45,8.45,490500
2024-05-30 10:10:00,8.45,8.46,8.45,8.46,370700
2024-05-30 10:11:00,8.46,8.47,8.45,8.46,283900
2024-05-30 10:12:00,8.46,8.5,8.45,8.48,609400
2024-05-30 10:13:00,8.47,8.48,8.44,8.48,545900
2024-05-30 10:14:00,8.47,8.48,8.45,8.47,869300
2024-05-30 10:15:00,8.47,8.49,8.45,8.45,1070600
2024-05-30 10:16:00,8.47,8.48,8.45,8.48,629400
2024-05-30 10:17:00,8.48,8.52,8.47,8.5,514400
2024-05-30 10:18:00,8.5,8.5,8.48,8.49,165600
2024-05-30 10:19:00,8.48,8.49,8.43,8.44,621735
2024-05-30 10:20:00,8.44,8.44,8.42,8.43,767800
2024-05-30 10:21:00,8.42,8.44,8.42,8.44,560500
2024-05-30 10:22:00,8.43,8.45,8.42,8.43,515300
2024-05-30 10:23:00,8.44,8.46,8.43,8.45,241100
2024-05-30 10:24:00,8.44,8.45,8.43,8.43,139300
2024-05-30 10:25:00,8.44,8.47,8.43,8.46,619500
2024-05-30 10:26:00,8.46,8.47,8.44,8.45,739800
2024-05-30 10:27:00,8.44,8.45,8.43,8.43,174800
2024-05-30 10:28:00,8.43,8.45,8.43,8.45,213700
2024-05-30 10:29:00,8.44,8.49,8.44,8.47,922000
2024-05-30 10:30:00,8.47,8.48,8.44,8.47,1336000
2024-05-30 10:31:00,8.47,8.49,8.46,8.49,216700
2024-05-30 10:32:00,8.48,8.49,8.45,8.46,597000
2024-05-30 10:33:00,8.45,8.46,8.45,8.45,144000
2024-05-30 10:34:00,8.46,8.47,8.44,8.45,73200
2024-05-30 10:35:00,8.45,8.45,8.42,8.42,415900
2024-05-30 10:36:00,8.42,8.43,8.4,8.41,693500
2024-05-30 10:37:00,8.41,8.42,8.4,8.41,736500
2024-05-30 10:38:00,8.4,8.42,8.4,8.41,659100
2024-05-30 10:39:00,8.4,8.41,8.39,8.4,415200
2024-05-30 10:40:00,8.4,8.41,8.39,8.39,309200
2024-05-30 10:41:00,8.39,8.43,8.39,8.43,456400
2024-05-30 10:42:00,8.43,8.43,8.39,8.4,668200
2024-05-30 10:43:00,8.41,8.41,8.39,8.39,436700
2024-05-30 10:44:00,8.39,8.42,8.39,8.42,295000
2024-05-30 10:45:00,8.42,8.43,8.39,8.4,476000
2024-05-30 10:46:00,8.4,8.41,8.39,8.39,355700
2024-05-30 10:47:00,8.4,8.4,8.39,8.39,118300
2024-05-30 10:48:00,8.39,8.4,8.38,8.39,441000
2024-05-30 10:49:00,8.4,8.4,8.39,8.39,176500
2024-05-30 10:50:00,8.4,8.41,8.39,8.39,504900
2024-05-30 10:51:00,8.39,8.4,8.39,8.4,134700
2024-05-30 10:52:00,8.4,8.4,8.39,8.39,141800
2024-05-30 10:53:00,8.39,8.4,8.39,8.39,283700
2024-05-30 10:54:00,8.4,8.4,8.39,8.4,74500
2024-05-30 10:55:00,8.4,8.4,8.39,8.39,78300
2024-05-30 10:56:00,8.39,8.4,8.39,8.4,126800
2024-05-30 10:57:00,8.39,8.41,8.39,8.41,150200
2024-05-30 10:58:00,8.41,8.41,8.39,8.4,169400
2024-05-30 10:59:00,8.4,8.4,8.38,8.39,187500
2024-05-30 11:00:00,8.39,8.4,8.38,8.39,135000
2024-05-30 11:01:00,8.4,8.4,8.38,8.4,98800
2024-05-30 11:02:00,8.39,8.39,8.37,8.37,780400
2024-05-30 11:03:00,8.37,8.39,8.37,8.38,987500
2024-05-30 11:04:00,8.39,8.39,8.38,8.39,237200
2024-05-30 11:05:00,8.4,8.4,8.38,8.39,150300
2024-05-30 11:06:00,8.39,8.39,8.38,8.39,72700
2024-05-30 11:07:00,8.39,8.4,8.39,8.4,167300
2024-05-30 11:08:00,8.41,8.43,8.4,8.43,432600
2024-05-30 11:09:00,8.43,8.43,8.4,8.41,193100
2024-05-30 11:10:00,8.4,8.41,8.38,8.39,249600
2024-05-30 11:11:00,8.39,8.4,8.38,8.4,211900
2024-05-30 11:12:00,8.4,8.4,8.39,8.4,56900
2024-05-30 11:13:00,8.39,8.41,8.39,8.4,76200
2024-05-30 11:14:00,8.4,8.41,8.39,8.39,32500
2024-05-30 11:15:00,8.4,8.4,8.39,8.4,50700
2024-05-30 11:16:00,8.4,8.4,8.39,8.39,150700
2024-05-30 11:17:00,8.39,8.41,8.38,8.39,115700
2024-05-30 11:18:00,8.39,8.39,8.36,8.36,666100
2024-05-30 11:19:00,8.38,8.39,8.37,8.37,172900
2024-05-30 11:20:00,8.39,8.4,8.38,8.38,153300
2024-05-30 11:21:00,8.38,8.39,8.38,8.38,115200
2024-05-30 11:22:00,8.38,8.39,8.37,8.37,250700
2024-05-30 11:23:00,8.38,8.39,8.36,8.39,216800
2024-05-30 11:24:00,8.39,8.4,8.37,8.38,150700
2024-05-30 11:25:00,8.38,8.38,8.35,8.35,139100
2024-05-30 11:26:00,8.36,8.36,8.34,8.35,583600
2024-05-30 11:27:00,8.35,8.37,8.35,8.35,234300
2024-05-30 11:28:00,8.36,8.37,8.35,8.35,98100
2024-05-30 11:29:00,8.36,8.37,8.35,8.36,93700
2024-05-30 11:30:00,8.36,8.37,8.35,8.35,143900
2024-05-30 13:01:00,8.35,8.37,8.34,8.35,741000
2024-05-30 13:02:00,8.35,8.36,8.33,8.35,290600
2024-05-30 13:03:00,8.36,8.36,8.34,8.36,287600
2024-05-30 13:04:00,8.35,8.36,8.34,8.34,325100
2024-05-30 13:05:00,8.35,8.35,8.34,8.35,163700
2024-05-30 13:06:00,8.34,8.37,8.34,8.36,185700
2024-05-30 13:07:00,8.37,8.38,8.35,8.36,556100
2024-05-30 13:08:00,8.37,8.37,8.34,8.34,539400
2024-05-30 13:09:00,8.34,8.36,8.33,8.35,268800
2024-05-30 13:10:00,8.34,8.35,8.33,8.34,124800
2024-05-30 13:11:00,8.35,8.35,8.33,8.34,180400
2024-05-30 13:12:00,8.34,8.34,8.33,8.33,158600
2024-05-30 13:13:00,8.33,8.36,8.33,8.36,363000
2024-05-30 13:14:00,8.35,8.36,8.35,8.35,191600
2024-05-30 13:15:00,8.35,8.36,8.34,8.34,237000
2024-05-30 13:16:00,8.35,8.37,8.35,8.36,224800
2024-05-30 13:17:00,8.35,8.37,8.35,8.35,484800
2024-05-30 13:18:00,8.36,8.37,8.34,8.36,564600
2024-05-30 13:19:00,8.36,8.36,8.34,8.34,141800
2024-05-30 13:20:00,8.34,8.35,8.33,8.33,145700
2024-05-30 13:21:00,8.33,8.35,8.33,8.34,157300
2024-05-30 13:22:00,8.34,8.35,8.34,8.34,82100
2024-05-30 13:23:00,8.35,8.35,8.33,8.33,72800
2024-05-30 13:24:00,8.33,8.34,8.33,8.33,108600
2024-05-30 13:25:00,8.33,8.34,8.33,8.33,163600
2024-05-30 13:26:00,8.34,8.34,8.33,8.33,44200
2024-05-30 13:27:00,8.34,8.35,8.33,8.35,384000
2024-05-30 13:28:00,8.35,8.35,8.34,8.35,31200
2024-05-30 13:29:00,8.35,8.35,8.34,8.35,70100
2024-05-30 13:30:00,8.34,8.35,8.34,8.35,85600
2024-05-30 13:31:00,8.34,8.36,8.34,8.35,197200
2024-05-30 13:32:00,8.35,8.36,8.34,8.35,402300
2024-05-30 13:33:00,8.35,8.39,8.35,8.36,1142700
2024-05-30 13:34:00,8.36,8.37,8.34,8.35,965900
2024-05-30 13:35:00,8.35,8.38,8.34,8.35,838600
2024-05-30 13:36:00,8.35,8.37,8.34,8.37,325200
2024-05-30 13:37:00,8.37,8.38,8.34,8.35,459000
2024-05-30 13:38:00,8.35,8.35,8.33,8.33,103500
2024-05-30 13:39:00,8.34,8.34,8.33,8.34,150300
2024-05-30 13:40:00,8.34,8.35,8.33,8.35,119900
2024-05-30 13:41:00,8.34,8.35,8.33,8.35,179200
2024-05-30 13:42:00,8.34,8.37,8.34,8.35,188300
2024-05-30 13:43:00,8.35,8.36,8.34,8.35,267300
2024-05-30 13:44:00,8.35,8.38,8.34,8.36,1270900
2024-05-30 13:45:00,8.36,8.38,8.34,8.35,1055100
2024-05-30 13:46:00,8.35,8.37,8.34,8.35,139000
2024-05-30 13:47:00,8.35,8.35,8.34,8.35,148800
2024-05-30 13:48:00,8.35,8.36,8.34,8.35,79300
2024-05-30 13:49:00,8.35,8.35,8.34,8.35,153500
2024-05-30 13:50:00,8.35,8.35,8.34,8.34,79300
2024-05-30 13:51:00,8.34,8.34,8.33,8.34,227200
2024-05-30 13:52:00,8.33,8.33,8.32,8.33,728800
2024-05-30 13:53:00,8.32,8.33,8.28,8.3,1368300
2024-05-30 13:54:00,8.3,8.33,8.3,8.32,286800
2024-05-30 13:55:00,8.32,8.33,8.3,8.32,710300
2024-05-30 13:56:00,8.32,8.33,8.3,8.3,431700
2024-05-30 13:57:00,8.33,8.33,8.26,8.29,1413600
2024-05-30 13:58:00,8.3,8.31,8.29,8.3,355600
2024-05-30 13:59:00,8.3,8.31,8.29,8.3,340400
2024-05-30 14:00:00,8.29,8.33,8.29,8.33,208000
2024-05-30 14:01:00,8.33,8.33,8.29,8.31,1298684
2024-05-30 14:02:00,8.31,8.35,8.3,8.34,550700
2024-05-30 14:03:00,8.34,8.34,8.3,8.33,1282700
2024-05-30 14:04:00,8.32,8.32,8.3,8.31,444800
2024-05-30 14:05:00,8.31,8.32,8.31,8.31,83600
2024-05-30 14:06:00,8.32,8.34,8.31,8.34,326500
2024-05-30 14:07:00,8.34,8.35,8.32,8.34,154100
2024-05-30 14:08:00,8.34,8.34,8.33,8.34,97100
2024-05-30 14:09:00,8.33,8.34,8.32,8.33,97500
2024-05-30 14:10:00,8.33,8.34,8.32,8.33,70000
2024-05-30 14:11:00,8.34,8.34,8.32,8.33,87000
2024-05-30 14:12:00,8.33,8.33,8.3,8.31,219500
2024-05-30 14:13:00,8.31,8.32,8.3,8.31,60500
2024-05-30 14:14:00,8.31,8.32,8.31,8.31,114300
2024-05-30 14:15:00,8.31,8.31,8.29,8.3,260600
2024-05-30 14:16:00,8.3,8.31,8.29,8.3,104100
2024-05-30 14:17:00,8.3,8.32,8.3,8.31,120400
2024-05-30 14:18:00,8.32,8.33,8.31,8.32,115400
2024-05-30 14:19:00,8.32,8.32,8.31,8.31,147700
2024-05-30 14:20:00,8.31,8.33,8.3,8.32,441100
2024-05-30 14:21:00,8.31,8.33,8.29,8.32,809300
2024-05-30 14:22:00,8.32,8.33,8.29,8.31,1092600
2024-05-30 14:23:00,8.32,8.32,8.3,8.31,69200
2024-05-30 14:24:00,8.3,8.32,8.3,8.31,113000
2024-05-30 14:25:00,8.31,8.32,8.31,8.31,97400
2024-05-30 14:26:00,8.31,8.32,8.3,8.31,157000
2024-05-30 14:27:00,8.3,8.32,8.3,8.32,635200
2024-05-30 14:28:00,8.32,8.32,8.31,8.32,59500
2024-05-30 14:29:00,8.31,8.32,8.29,8.3,372900
2024-05-30 14:30:00,8.29,8.31,8.29,8.3,331000
2024-05-30 14:31:00,8.3,8.31,8.3,8.31,91500
2024-05-30 14:32:00,8.31,8.32,8.3,8.32,272600
2024-05-30 14:33:00,8.32,8.32,8.31,8.32,49500
2024-05-30 14:34:00,8.32,8.33,8.31,8.32,253000
2024-05-30 14:35:00,8.32,8.33,8.32,8.33,157500
2024-05-30 14:36:00,8.33,8.33,8.32,8.32,112800
2024-05-30 14:37:00,8.32,8.33,8.31,8.33,212600
2024-05-30 14:38:00,8.33,8.33,8.32,8.32,76400
2024-05-30 14:39:00,8.32,8.32,8.31,8.31,148100
2024-05-30 14:40:00,8.31,8.32,8.31,8.31,139500
2024-05-30 14:41:00,8.31,8.32,8.29,8.29,636900
2024-05-30 14:42:00,8.29,8.31,8.29,8.3,567400
2024-05-30 14:43:00,8.3,8.31,8.29,8.3,302000
2024-05-30 14:44:00,8.3,8.31,8.29,8.29,184700
2024-05-30 14:45:00,8.29,8.3,8.29,8.3,174200
2024-05-30 14:46:00,8.3,8.31,8.29,8.3,493600
2024-05-30 14:47:00,8.31,8.31,8.3,8.3,507900
2024-05-30 14:48:00,8.31,8.31,8.29,8.3,222500
2024-05-30 14:49:00,8.3,8.31,8.29,8.3,457246
2024-05-30 14:50:00,8.31,8.32,8.29,8.31,715200
2024-05-30 14:51:00,8.32,8.32,8.3,8.31,522800
2024-05-30 14:52:00,8.32,8.32,8.31,8.32,471500
2024-05-30 14:53:00,8.32,8.33,8.3,8.31,523400
2024-05-30 14:54:00,8.32,8.34,8.31,8.33,531100
2024-05-30 14:55:00,8.33,8.34,8.32,8.34,617700
2024-05-30 14:56:00,8.34,8.35,8.32,8.35,849900
2024-05-30 14:57:00,8.34,8.39,8.34,8.39,1012700
2024-05-30 15:00:00,8.37,8.37,8.37,8.37,1757600
2024-05-31 09:31:00,8.36,8.46,8.33,8.41,3033100
2024-05-31 09:32:00,8.42,8.45,8.39,8.41,915100
2024-05-31 09:33:00,8.42,8.42,8.34,8.35,697600
2024-05-31 09:34:00,8.35,8.35,8.32,8.33,435400
2024-05-31 09:35:00,8.33,8.34,8.31,8.32,427200
2024-05-31 09:36:00,8.32,8.36,8.3,8.31,761400
2024-05-31 09:37:00,8.3,8.37,8.29,8.35,620000
2024-05-31 09:38:00,8.37,8.38,8.33,8.34,619400
2024-05-31 09:39:00,8.34,8.36,8.33,8.35,333100
2024-05-31 09:40:00,8.35,8.35,8.3,8.3,477100
2024-05-31 09:41:00,8.3,8.33,8.3,8.31,490900
2024-05-31 09:42:00,8.31,8.31,8.28,8.28,714000
2024-05-31 09:43:00,8.29,8.31,8.28,8.3,446800
2024-05-31 09:44:00,8.29,8.31,8.29,8.3,290400
2024-05-31 09:45:00,8.29,8.3,8.27,8.28,951500
2024-05-31 09:46:00,8.28,8.32,8.27,8.29,745100
2024-05-31 09:47:00,8.29,8.3,8.27,8.28,427700
2024-05-31 09:48:00,8.29,8.32,8.28,8.31,341700
2024-05-31 09:49:00,8.3,8.31,8.28,8.28,394100
2024-05-31 09:50:00,8.28,8.33,8.28,8.32,477000
2024-05-31 09:51:00,8.32,8.33,8.31,8.32,157000
2024-05-31 09:52:00,8.32,8.32,8.3,8.32,195500
2024-05-31 09:53:00,8.31,8.32,8.3,8.3,169100
2024-05-31 09:54:00,8.3,8.36,8.3,8.34,388900
2024-05-31 09:55:00,8.35,8.35,8.3,8.31,364300
2024-05-31 09:56:00,8.3,8.32,8.27,8.29,506700
2024-05-31 09:57:00,8.29,8.29,8.28,8.29,256000
2024-05-31 09:58:00,8.29,8.3,8.28,8.3,309300
2024-05-31 09:59:00,8.29,8.32,8.29,8.3,196800
2024-05-31 10:00:00,8.31,8.32,8.3,8.31,321100
2024-05-31 10:01:00,8.31,8.32,8.28,8.28,675200
2024-05-31 10:02:00,8.28,8.29,8.26,8.28,1099600
2024-05-31 10:03:00,8.28,8.3,8.27,8.28,247900
2024-05-31 10:04:00,8.28,8.3,8.27,8.29,148300
2024-05-31 10:05:00,8.29,8.3,8.27,8.27,390400
2024-05-31 10:06:00,8.27,8.29,8.27,8.28,202800
2024-05-31 10:07:00,8.28,8.29,8.27,8.27,141000
2024-05-31 10:08:00,8.28,8.29,8.27,8.28,152100
2024-05-31 10:09:00,8.28,8.31,8.28,8.31,339600
2024-05-31 10:10:00,8.31,8.32,8.3,8.31,277800
2024-05-31 10:11:00,8.32,8.33,8.31,8.32,253300
2024-05-31 10:12:00,8.32,8.32,8.3,8.3,154900
2024-05-31 10:13:00,8.3,8.31,8.3,8.3,98500
2024-05-31 10:14:00,8.31,8.32,8.3,8.3,88600
2024-05-31 10:15:00,8.31,8.31,8.3,8.31,60800
2024-05-31 10:16:00,8.31,8.34,8.31,8.34,293200
2024-05-31 10:17:00,8.33,8.35,8.33,8.34,288200
2024-05-31 10:18:00,8.34,8.35,8.33,8.34,304300
2024-05-31 10:19:00,8.34,8.38,8.34,8.37,570400
2024-05-31 10:20:00,8.37,8.38,8.35,8.36,501600
2024-05-31 10:21:00,8.36,8.41,8.36,8.4,998100
2024-05-31 10:22:00,8.4,8.4,8.36,8.39,996200
2024-05-31 10:23:00,8.39,8.43,8.38,8.4,947200
2024-05-31 10:24:00,8.4,8.41,8.35,8.37,595200
2024-05-31 10:25:00,8.36,8.37,8.33,8.36,347800
2024-05-31 10:26:00,8.36,8.37,8.34,8.35,159600
2024-05-31 10:27:00,8.35,8.36,8.34,8.36,293300
2024-05-31 10:28:00,8.36,8.37,8.35,8.36,147900
2024-05-31 10:29:00,8.36,8.36,8.34,8.36,160200
2024-05-31 10:30:00,8.35,8.36,8.33,8.33,498700
2024-05-31 10:31:00,8.33,8.34,8.32,8.32,204400
2024-05-31 10:32:00,8.32,8.33,8.31,8.33,73500
2024-05-31 10:33:00,8.32,8.33,8.31,8.32,173000
2024-05-31 10:34:00,8.32,8.32,8.3,8.31,390700
2024-05-31 10:35:00,8.31,8.32,8.3,8.31,190800
2024-05-31 10:36:00,8.31,8.31,8.3,8.3,107800
2024-05-31 10:37:00,8.3,8.31,8.3,8.31,265700
2024-05-31 10:38:00,8.31,8.33,8.3,8.33,119000
2024-05-31 10:39:00,8.33,8.35,8.32,8.35,134200
2024-05-31 10:40:00,8.35,8.35,8.34,8.34,67800
2024-05-31 10:41:00,8.34,8.35,8.33,8.33,90300
2024-05-31 10:42:00,8.33,8.34,8.32,8.32,81200
2024-05-31 10:43:00,8.32,8.32,8.31,8.31,103200
2024-05-31 10:44:00,8.31,8.32,8.31,8.32,67700
2024-05-31 10:45:00,8.31,8.33,8.31,8.32,90700
2024-05-31 10:46:00,8.32,8.33,8.32,8.32,41700
2024-05-31 10:47:00,8.33,8.33,8.31,8.31,54000
2024-05-31 10:48:00,8.31,8.32,8.3,8.31,168800
2024-05-31 10:49:00,8.31,8.31,8.3,8.3,83100
2024-05-31 10:50:00,8.31,8.32,8.3,8.31,105400
2024-05-31 10:51:00,8.3,8.31,8.3,8.3,38300
2024-05-31 10:52:00,8.3,8.31,8.3,8.3,194100
2024-05-31 10:53:00,8.31,8.31,8.29,8.3,54400
2024-05-31 10:54:00,8.29,8.31,8.29,8.31,109500
2024-05-31 10:55:00,8.3,8.31,8.3,8.31,219100
2024-05-31 10:56:00,8.31,8.33,8.31,8.33,133200
2024-05-31 10:57:00,8.31,8.33,8.31,8.32,117300
2024-05-31 10:58:00,8.32,8.33,8.31,8.31,214200
2024-05-31 10:59:00,8.31,8.32,8.31,8.31,49500
2024-05-31 11:00:00,8.31,8.32,8.31,8.32,15500
2024-05-31 11:01:00,8.31,8.32,8.3,8.31,217500
2024-05-31 11:02:00,8.31,8.31,8.3,8.3,148400
2024-05-31 11:03:00,8.3,8.31,8.3,8.3,33600
2024-05-31 11:04:00,8.3,8.31,8.3,8.3,86400
2024-05-31 11:05:00,8.3,8.31,8.29,8.3,139500
2024-05-31 11:06:00,8.3,8.31,8.29,8.3,72600
2024-05-31 11:07:00,8.31,8.31,8.3,8.31,66600
2024-05-31 11:08:00,8.31,8.32,8.3,8.31,172100
2024-05-31 11:09:00,8.31,8.32,8.3,8.3,227500
2024-05-31 11:10:00,8.3,8.32,8.3,8.32,120300
2024-05-31 11:11:00,8.32,8.32,8.3,8.31,43800
2024-05-31 11:12:00,8.3,8.32,8.3,8.31,68900
2024-05-31 11:13:00,8.31,8.31,8.3,8.31,199100
2024-05-31 11:14:00,8.31,8.32,8.3,8.31,51900
2024-05-31 11:15:00,8.31,8.33,8.3,8.32,95000
2024-05-31 11:16:00,8.33,8.36,8.32,8.34,261600
2024-05-31 11:17:00,8.35,8.35,8.32,8.32,236400
2024-05-31 11:18:00,8.32,8.34,8.32,8.33,70100
2024-05-31 11:19:00,8.33,8.35,8.32,8.34,101600
2024-05-31 11:20:00,8.34,8.37,8.34,8.36,415800
2024-05-31 11:21:00,8.36,8.37,8.34,8.36,358600
2024-05-31 11:22:00,8.36,8.4,8.34,8.39,606200
2024-05-31 11:23:00,8.4,8.42,8.37,8.37,658700
2024-05-31 11:24:00,8.37,8.39,8.36,8.38,435100
2024-05-31 11:25:00,8.38,8.39,8.36,8.37,463300
2024-05-31 11:26:00,8.36,8.38,8.35,8.36,230900
2024-05-31 11:27:00,8.35,8.37,8.35,8.36,121700
2024-05-31 11:28:00,8.37,8.4,8.36,8.38,561700
2024-05-31 11:29:00,8.39,8.42,8.37,8.41,913200
2024-05-31 11:30:00,8.41,8.44,8.41,8.44,879700
2024-05-31 13:01:00,8.44,8.47,8.34,8.38,2211300
2024-05-31 13:02:00,8.37,8.4,8.32,8.36,454000
2024-05-31 13:03:00,8.36,8.37,8.35,8.37,149900
2024-05-31 13:04:00,8.37,8.37,8.34,8.35,254500
2024-05-31 13:05:00,8.34,8.35,8.34,8.35,83200
2024-05-31 13:06:00,8.35,8.36,8.34,8.34,194900
2024-05-31 13:07:00,8.35,8.36,8.33,8.35,409400
2024-05-31 13:08:00,8.35,8.36,8.34,8.36,135000
2024-05-31 13:09:00,8.35,8.36,8.34,8.34,107300
2024-05-31 13:10:00,8.35,8.35,8.33,8.33,168400
2024-05-31 13:11:00,8.34,8.34,8.32,8.33,105800
2024-05-31 13:12:00,8.32,8.33,8.32,8.33,101200
2024-05-31 13:13:00,8.33,8.33,8.31,8.32,263500
2024-05-31 13:14:00,8.32,8.32,8.31,8.32,93100
2024-05-31 13:15:00,8.32,8.34,8.31,8.33,125500
2024-05-31 13:16:00,8.33,8.33,8.32,8.32,76400
2024-05-31 13:17:00,8.32,8.33,8.31,8.32,376800
2024-05-31 13:18:00,8.32,8.34,8.32,8.34,162600
2024-05-31 13:19:00,8.34,8.35,8.32,8.33,403300
2024-05-31 13:20:00,8.33,8.34,8.32,8.33,84500
2024-05-31 13:21:00,8.32,8.33,8.32,8.33,131400
2024-05-31 13:22:00,8.32,8.34,8.32,8.33,222000
2024-05-31 13:23:00,8.33,8.34,8.32,8.32,146900
2024-05-31 13:24:00,8.33,8.34,8.32,8.33,92200
2024-05-31 13:25:00,8.33,8.35,8.33,8.34,134400
2024-05-31 13:26:00,8.33,8.35,8.33,8.34,159000
2024-05-31 13:27:00,8.34,8.35,8.33,8.35,272100
2024-05-31 13:28:00,8.35,8.35,8.33,8.34,189100
2024-05-31 13:29:00,8.34,8.34,8.32,8.33,88700
2024-05-31 13:30:00,8.33,8.34,8.32,8.33,151700
2024-05-31 13:31:00,8.33,8.34,8.32,8.34,242900
2024-05-31 13:32:00,8.34,8.36,8.34,8.36,129800
2024-05-31 13:33:00,8.36,8.38,8.35,8.37,155600
2024-05-31 13:34:00,8.37,8.38,8.37,8.37,187800
2024-05-31 13:35:00,8.37,8.38,8.36,8.38,98400
2024-05-31 13:36:00,8.38,8.39,8.36,8.37,341000
2024-05-31 13:37:00,8.37,8.37,8.35,8.36,546400
2024-05-31 13:38:00,8.36,8.37,8.36,8.37,47400
2024-05-31 13:39:00,8.37,8.39,8.36,8.38,237000
2024-05-31 13:40:00,8.39,8.39,8.37,8.38,61600
2024-05-31 13:41:00,8.37,8.38,8.37,8.38,121300
2024-05-31 13:42:00,8.39,8.39,8.38,8.38,106900
2024-05-31 13:43:00,8.38,8.39,8.38,8.38,86900
2024-05-31 13:44:00,8.38,8.4,8.38,8.39,291900
2024-05-31 13:45:00,8.39,8.4,8.37,8.37,264400
2024-05-31 13:46:00,8.37,8.38,8.37,8.38,152300
2024-05-31 13:47:00,8.37,8.39,8.37,8.39,109500
2024-05-31 13:48:00,8.39,8.39,8.37,8.38,136300
2024-05-31 13:49:00,8.37,8.38,8.37,8.38,38400
2024-05-31 13:50:00,8.37,8.39,8.37,8.38,79300
2024-05-31 13:51:00,8.38,8.38,8.37,8.37,175000
2024-05-31 13:52:00,8.37,8.38,8.37,8.37,63900
2024-05-31 13:53:00,8.37,8.38,8.37,8.38,51800
2024-05-31 13:54:00,8.37,8.38,8.37,8.38,58000
2024-05-31 13:55:00,8.37,8.38,8.36,8.38,157600
2024-05-31 13:56:00,8.37,8.37,8.35,8.36,238600
2024-05-31 13:57:00,8.36,8.38,8.35,8.37,133200
2024-05-31 13:58:00,8.37,8.38,8.37,8.37,100200
2024-05-31 13:59:00,8.37,8.38,8.37,8.37,43000
2024-05-31 14:00:00,8.37,8.38,8.37,8.37,43500
2024-05-31 14:01:00,8.37,8.39,8.37,8.38,465400
2024-05-31 14:02:00,8.38,8.39,8.37,8.37,247200
2024-05-31 14:03:00,8.38,8.38,8.35,8.35,501500
2024-05-31 14:04:00,8.36,8.36,8.34,8.35,374500
2024-05-31 14:05:00,8.35,8.36,8.35,8.36,141800
2024-05-31 14:06:00,8.35,8.36,8.35,8.35,72600
2024-05-31 14:07:00,8.35,8.36,8.35,8.36,284300
2024-05-31 14:08:00,8.35,8.37,8.35,8.36,273733
2024-05-31 14:09:00,8.36,8.37,8.36,8.36,252267
2024-05-31 14:10:00,8.36,8.37,8.36,8.36,32200
2024-05-31 14:11:00,8.36,8.37,8.36,8.36,23400
2024-05-31 14:12:00,8.36,8.37,8.36,8.37,40000
2024-05-31 14:13:00,8.37,8.37,8.36,8.36,75600
2024-05-31 14:14:00,8.36,8.36,8.35,8.35,161500
2024-05-31 14:15:00,8.35,8.37,8.35,8.36,256300
2024-05-31 14:16:00,8.37,8.38,8.36,8.37,303733
2024-05-31 14:17:00,8.37,8.38,8.37,8.37,164200
2024-05-31 14:18:00,8.38,8.38,8.37,8.38,113800
2024-05-31 14:19:00,8.37,8.38,8.36,8.37,332800
2024-05-31 14:20:00,8.36,8.37,8.36,8.37,84900
2024-05-31 14:21:00,8.37,8.37,8.36,8.36,58200
2024-05-31 14:22:00,8.37,8.37,8.36,8.36,71800
2024-05-31 14:23:00,8.37,8.37,8.35,8.35,332200
2024-05-31 14:24:00,8.35,8.36,8.35,8.35,67200
2024-05-31 14:25:00,8.36,8.36,8.35,8.35,44000
2024-05-31 14:26:00,8.35,8.37,8.35,8.36,93000
2024-05-31 14:27:00,8.36,8.37,8.36,8.36,46800
2024-05-31 14:28:00,8.36,8.37,8.35,8.36,293400
2024-05-31 14:29:00,8.37,8.37,8.36,8.37,159600
2024-05-31 14:30:00,8.36,8.37,8.36,8.36,123000
2024-05-31 14:31:00,8.37,8.38,8.36,8.37,259200
2024-05-31 14:32:00,8.37,8.38,8.36,8.38,146400
2024-05-31 14:33:00,8.37,8.38,8.36,8.37,131300
2024-05-31 14:34:00,8.37,8.37,8.36,8.37,53600
2024-05-31 14:35:00,8.37,8.37,8.36,8.36,303500
2024-05-31 14:36:00,8.36,8.37,8.36,8.36,88500
2024-05-31 14:37:00,8.36,8.37,8.35,8.36,95900
2024-05-31 14:38:00,8.36,8.36,8.35,8.36,178600
2024-05-31 14:39:00,8.36,8.36,8.35,8.35,67800
2024-05-31 14:40:00,8.36,8.37,8.35,8.36,333300
2024-05-31 14:41:00,8.36,8.37,8.35,8.36,152200
2024-05-31 14:42:00,8.37,8.37,8.35,8.36,154100
2024-05-31 14:43:00,8.36,8.37,8.36,8.36,160200
2024-05-31 14:44:00,8.37,8.37,8.35,8.37,205500
2024-05-31 14:45:00,8.36,8.37,8.36,8.36,411200
2024-05-31 14:46:00,8.36,8.37,8.35,8.36,234600
2024-05-31 14:47:00,8.36,8.36,8.34,8.35,395200
2024-05-31 14:48:00,8.35,8.35,8.34,8.35,340800
2024-05-31 14:49:00,8.35,8.35,8.34,8.34,956900
2024-05-31 14:50:00,8.35,8.35,8.34,8.34,299900
2024-05-31 14:51:00,8.34,8.35,8.33,8.35,228700
2024-05-31 14:52:00,8.35,8.36,8.34,8.34,349100
2024-05-31 14:53:00,8.35,8.35,8.34,8.34,267700
2024-05-31 14:54:00,8.35,8.35,8.33,8.34,277700
2024-05-31 14:55:00,8.33,8.34,8.33,8.34,273100
2024-05-31 14:56:00,8.34,8.34,8.33,8.33,357600
2024-05-31 14:57:00,8.34,8.36,8.33,8.35,789300
2024-05-31 15:00:00,8.29,8.29,8.29,8.29,17608872
